	MHCI	MHCII	Coactivation_molecules	Effector_cells	T_cell_traffic	NK_cells	T_cells	B_cells	M1_signatures	Th1_signature	Antitumor_cytokines	Checkpoint_inhibition	Treg	T_reg_traffic	Neutrophil_signature	Granulocyte_traffic	MDSC	MDSC_traffic	Macrophages	Macrophage_DC_traffic	Th2_signature	Protumor_cytokines	CAF	Matrix	Matrix_remodeling	Angiogenesis	Endothelium	Proliferation_rate	EMT_signature
S1417747	1.4145352618005698	-0.6255278947564725	2.0	-0.04579212986822942	-0.3101130861819683	0.8953714100777431	-0.9472180312609421	-0.6508142246534951	0.7310411071871015	1.399881676004182	1.1332578378019518	0.12343285512780452	-1.255936696346137	0.2801649310203005	0.4590780445622574	0.05373040155592666	1.0894063653728987	-0.9595914583242467	-1.3134417165837096	2.0	0.6904544240485887	-0.6045870762452789	1.2003293965381454	-0.18360359371474558	1.6098765732656042	0.502470729642957	0.03125363998417422	-0.6183686433331895	0.8458710306691538
S1449640	0.000402197812448685	0.306501815914681	-2.0	0.2064249772571099	0.3363929726018095	0.07653514813963508	-1.6821844335978884	-1.9182730449530658	-0.3477563323412394	-0.5348020927954955	-0.025769346292783747	0.5118267255076383	-0.04651353744019641	1.7345189480684007	0.019772267958090218	0.893766030928358	-0.6751132574455171	0.03494537291994917	-0.5358228898476037	0.5318377621656664	-0.5004054506127018	-0.16468235872039064	0.8821727167412764	0.347016653011927	-0.6435630836331144	0.5366443117058414	-0.02478093088567422	-0.7447188189022721	-0.5904005278429979
S1508145	0.24752777095848114	0.31376612190064856	-0.7449063771994939	-0.6342292604116108	-0.34258619892870196	-0.7098398213455177	-1.5134874525007713	-1.4460813243377644	-1.044532139011395	-0.3400223593471617	-1.16180698132792	-1.2412985493890303	-2.0	-0.9187119876874678	-1.086028411964854	-0.8736040098219762	0.17880813544419238	0.11017565368143756	0.137961396223754	0.4565173028943315	-0.8938306907108375	0.8584249786823739	1.925384809043883	1.5364575159745968	0.9982135291148065	1.1606545738260867	0.553898499361986	0.637436935540628	2.0
S1533309	0.8784606979021795	1.3978271721825886	-0.010702624098754592	-1.0386889008122622	0.660401460100176	-1.4083266144664013	-0.8482564919495785	-1.0607872246348131	0.11826461727797925	-0.14705443806141147	-0.17099153093901387	-0.44492663932224835	-1.120143388766248	0.36547770075925434	-0.6452935233122342	-0.4575369221755491	0.2034707444722765	-0.20084099229454402	-0.3071048552385028	-0.4165370248353666	-0.3794719624774144	-0.2170757457957693	1.9072715400658307	1.1164724427363393	1.2514675647421132	1.661774940862871	1.755670180820357	-0.3428006195042321	0.622378846101984
S1536379	0.1452102450793028	-0.43817807795412345	-0.3202549512928717	1.5316466462547005	1.1800872153872461	0.5119936700217801	-0.06600488710821961	-0.49113884069817043	1.9755532667481768	0.5655421315176601	1.1561841450553962	1.960800458085454	2.0	-0.04431301453011105	2.0	2.0	0.43188662562622493	2.0	-0.17171605579107888	1.3825281760298735	0.11109977118507923	2.0	-0.013840745120483073	0.9324721152721859	1.1469159207568518	0.5316787388490122	0.390304221265046	-1.5591303086007	-0.16461722187349265
S1540243	-2.0	-0.5130273811226086	2.0	2.0	2.0	2.0	1.4032018938790052	1.7960060784420127	2.0	2.0	1.330958771425958	1.4699614097418852	2.0	2.0	2.0	2.0	2.0	1.7996639803069348	0.6747296188489899	2.0	2.0	1.4798003140399776	1.2379015740726778	0.09662314411623661	2.0	1.770841939427362	2.0	-2.0	2.0
S1815621	-2.0	-0.7798687637770811	-0.7458765123551412	-0.7385009669900577	-0.5783768826080209	-1.1841017561509792	-0.21626509376366865	-1.1490689335426505	-1.1382087379707035	-0.6866947026594643	-1.3330507720569145	-0.424364913919091	-0.7596350736073987	-0.41813025592892206	-1.408995205582375	-0.8359121858746528	-0.46293823288699965	-0.928308095572612	-0.20589513045189775	-0.8118059273313933	-0.8189090662570406	-0.5724454454000852	-0.43174814484261503	-0.6676305094039726	-1.0294440069113666	-0.007562239636970401	-0.08882369750562108	0.3711079310433514	0.5796805947825925
S1513268	-2.0	-1.2347953832891647	0.4833931957594284	0.15245940544523218	0.4144524887405944	0.6441901272567793	0.5804772127192956	-0.570429375296243	1.4697859243833846	-0.020407841494590254	-1.5872064598277391	0.611654655586252	1.70168646659759	0.8896851548838396	0.48653589171491374	-1.1005398442377414	0.10439646309377278	1.1779769176728028	0.2859599830471979	-0.4702003549548254	0.0077876167826116905	2.0	-0.2618185852339662	-0.9923210469649134	-0.4383672412504125	-0.2208648003717588	0.08106680331260838	-1.3638182252213837	1.0692274934521173
S1411996	-0.9543293852642589	-1.7362951062415348	0.19536300823148814	-0.1576550149410187	-0.9125254058496031	-0.2394667583337636	-1.108219655247532	0.550355421719247	0.4986495828075362	-0.0027884900841223027	-0.6119821930587228	-0.9697511375786733	-0.8611498753143318	0.12284852075421232	-0.2533863454061845	-0.54717715109588	-1.3492914361122705	-1.2288953717528803	-2.0	-1.1420294994477944	0.8055870232786101	-1.052022657441228	-1.789843983098312	-2.0	0.26808789938352007	0.1110071071735438	-1.0462542390498828	1.5366918935454494	-2.0
S1601385	-2.0	0.22988167140074112	2.0	2.0	0.8937406626301305	2.0	0.47705478499225124	0.5762453023375905	2.0	1.4646635080893369	0.6515017089124934	2.0	0.8283083796916559	2.0	1.5746023448884678	1.1987572495504635	1.1179706267287919	1.3757433993765449	1.4686581291003815	2.0	2.0	-0.009646710396002707	1.0341216696354385	0.5662744022742221	1.4150903576147205	1.6719223418076985	1.0675500339389687	-2.0	2.0
S1510148	-1.6393377305034227	-0.8646541900134285	0.3089626758809354	0.23621835526601428	-0.6296292375741319	-0.07453537752917445	-0.24315635243585393	0.308478739375299	0.06301532124059529	0.5945796235919064	0.49484652362266096	-0.05524782741163679	0.833007348296843	0.6263491012977676	0.14824131410351443	0.16714749746989527	-0.5531417382529261	-0.8950161411389014	-0.2662238432056495	-0.46907689226041505	2.0	-1.520510852669984	-0.6712719879483925	-2.0	0.16964491762438022	-1.1103554825954507	-1.0603777109364372	-2.0	-0.8557357537371566
S1605302	-0.000402197812448685	-0.36827063588852155	0.5954489072609995	-0.3687602309265868	0.7966993579374483	0.014869692723237958	-0.7135857112597173	0.20817118871089263	1.8036353810494528	0.21335389506485164	0.29892029567225936	0.08332961490459144	1.360266831469826	0.8232608287562757	0.4685686940865488	1.048120609306038	2.0	0.9158888555653187	1.439208849815237	2.0	2.0	1.5313118201291345	0.9654443993940505	1.4351783955457873	0.5850969876193686	1.4469228665693188	0.8886593391255293	0.6548886866090118	0.4569308041086042
PS_694	-0.22286847390756295	-0.3564376678610319	2.0	2.0	0.7986527242470851	1.8128815973101438	2.0	0.07372944630606715	2.0	2.0	0.7230067044968258	1.781339632228235	0.7417434807036224	2.0	1.4107087136295926	0.41112540767482025	1.101490871951525	1.4775195488379693	0.7644022133334964	1.6603658256325775	2.0	1.128517292292867	-0.2041409647202756	-0.6751497993495144	1.0224524506250117	0.5078876744011449	0.19216354836633015	-0.4286092089451492	0.5198663329508253
S1517327	-1.003619442535569	-1.9781224897773388	-1.00722822259823	-0.14506532431023544	0.1960971356282222	-1.0691585626509565	-0.0209193846421698	-0.7459637406361463	0.9649207731422489	-0.8496292601905576	1.055113798479201	-0.04557131513624279	-0.9557818637632499	-0.21238019601611965	-0.35850089916570965	0.059190722577854744	0.5264259608372659	0.21126399573442275	-0.5680108713258424	-1.1736077385643988	-0.702773364451819	-2.0	-1.8522950506477478	-2.0	-2.0	-1.8056206963973285	-1.2322307164033754	-0.70081089674212	-1.0849007093721579
S1416899	-0.04280900043041345	2.0	2.0	2.0	2.0	1.812748507401662	1.3200501569345382	1.9626587090875973	2.0	1.782277361394639	1.300698837922122	2.0	1.5905730719818436	2.0	1.875566053023242	0.967484317669526	2.0	1.350103748073801	1.4653772257984128	2.0	2.0	1.0359311065220231	0.043301224234848605	1.3296932084436865	2.0	1.2069774314232464	1.2789312558100103	-1.5497941588541357	0.00601826624222639
S1511548	1.0608352950903386	-0.3134995277608592	-0.44948128069947646	-0.5926980396550895	-0.9689272446674922	-0.4024310860067234	0.5198950100796078	-0.6122175953153138	0.9036906157420819	1.5011679034548855	-1.5278269462316356	0.051997572945161906	-2.0	-0.20725873028425362	0.31747245231639615	-0.9718428129437866	-0.46278716565681177	0.21060026072147228	0.23394986596385417	1.068027800396099	-1.1596297170547576	0.3919704028792193	-0.8330205224662911	-0.49761658340381065	-0.3926506988499286	-0.11430339135453273	-0.7082338924587953	0.22473872325144467	-2.0
S1607471	-0.3101256906507915	0.558230641666828	1.069762488399822	-0.3591803753895497	1.8598619382564225	-0.30827141672022307	-0.6925959360887495	-0.1589543284218446	1.4042444073954643	1.8884917415560905	1.5845993289292657	0.43192838485534246	0.036547640096406465	0.16489293571582408	-0.12171331746435908	1.2461752071234389	2.0	1.0463960275021897	0.8181918162376911	2.0	1.1684711650474469	1.228396334861407	1.0807888008810713	1.3610016238440596	2.0	1.0256465939174328	0.7127206941151073	1.001301153009955	-0.5317030023390917
S1610000	0.36170919944990737	0.6778188192525857	0.2622474977067687	1.8422221364217828	0.22773168484210765	1.5549752912566956	0.5014643541413266	-0.12195641632171149	0.8330104634739783	-0.38333556486106685	0.1093078747198848	-0.5122335161258438	-0.5063782281575098	-0.013268882635388684	0.7684813323057688	0.9210121618628724	0.712069781586344	1.5000064831049533	0.15509292730821067	0.6110293587822132	-0.11021710071430506	-0.4725341216447003	1.2586545200695967	1.6455884546755124	0.28385778801433864	0.9105865930530707	0.42087705488495425	-2.0	0.2330762688566478
S1540152	-0.1626204512892945	0.27577938707771293	-0.5082010925910978	0.3524752796105858	0.9795454239503545	-0.6754704650944253	-0.3770500222342721	-1.5124073132228024	-1.1131025086569115	-0.698612469909542	-0.3687477332243362	0.4324786720715015	-0.31382766367821513	-1.4903265399248897	-1.7685818248899365	-0.9240491399300216	-0.6187393301444915	-1.311498980289904	-0.8722230330456064	-0.1172220113480749	-0.6682929673761271	-0.7013253366188179	0.6066428601939675	-0.3169525586458377	0.16263858843305296	-0.08032574700860567	-0.5797961859015888	-0.30115050119066794	0.4867402536739509
S1611928	-0.9642577966941734	-0.6961679949912474	0.8188694124640299	0.44593382654477304	0.8394025389115861	1.3387656512808446	0.6164309082107575	0.7040400232875745	0.002881863762932527	1.2260782016260434	0.6727376638964137	0.07811358486541121	1.2432403630033755	1.7966272712544895	1.709417516519665	2.0	0.27850665243526035	1.276947073462322	1.2336063156918164	0.3698454056213229	1.0704662461338734	-0.26973500260525646	-0.17660909168194253	-1.6448108437459736	-1.2671079829051382	0.8069228706789536	0.5325619383310372	-1.571292300639189	1.784518737777788
S1507556	-0.508001783686749	-0.5601446491471387	-0.2457059054166358	1.1385956338953698	-0.1696270656872114	2.0	-0.20890354406079426	-0.4129492938657631	-0.935883244995772	1.2106205911557548	-2.0	0.528322313426726	-0.5824388774229454	-0.18412903143432865	1.3595868337901602	-1.156198305243614	0.2878230498157072	-1.0619015598706425	-1.5534580341094408	-0.5395880285778681	-0.8585973638967992	-1.129281300097762	-0.5185801179702851	-0.6421286352988791	0.005891739551527509	-1.3564187656120685	0.11072420363506959	-1.2337668302194549	0.3604337397032264
S1619302	0.6343864728715236	0.905290750904082	1.5950419536628084	0.13682095797512878	-0.14954908329938055	0.3837801921072093	0.9639049517949668	1.8920569282916206	-0.20258705782676117	0.39045006983267955	2.0	0.9682312222694832	1.8336731901386358	0.34170781951492607	-0.2727931615482263	0.5500258964836605	0.21289350468845855	0.6504273276464715	-0.19002946041367108	-0.7824054696954541	-0.3823605394867617	-2.0	-1.318133671496865	-0.8689854669312824	-0.12543404458692944	-1.4276830696021436	-1.2478435591275234	-1.8693172504199875	1.2551893474009448
S1619164	-1.8471494635967822	-1.596473917613661	-0.14464768619568003	-0.36686177635206124	-1.0365792195684256	-0.9123831818635699	0.03934341147660125	-0.811753433727183	0.41980120381164976	0.7746017518216289	-0.815198114855271	0.12701849997569148	-0.9898878842791929	-0.22500487399340807	-1.0763791737104988	-1.5609608741011647	-1.7530139024632772	-0.56657015277941	-0.6780540535426705	0.18899296947879804	0.2628229915491243	-1.5928732275823045	-0.4324157583809972	-1.4475968895252396	-0.6848257383961911	-1.2503290202596413	-1.1862557621637504	0.6656052570262389	-0.3385164794330011
S1628658	1.5277885262205524	0.4033036661055673	-0.4210619274741095	0.8191660638961871	-0.2794944210461335	0.6734208879391385	0.3605297192522621	-0.22054322797701129	0.9951208001870612	0.2391966378035556	-0.46353122589663526	0.3175494024204457	-0.5112539907634477	0.04069766173621017	-0.10448586359664867	0.6325995351814445	0.09687635196618075	0.50079973848371	1.4775018185949431	0.8835421372290793	0.9575342355414703	-0.48870391747277614	0.46757017222201164	-0.008721211446118827	1.7283691418883569	0.5968035560527347	0.803475395544846	0.46443064816584484	1.2726714514008621
S1424528	-1.5855796541008875	-0.6398238704475893	-0.673277445282747	1.160728739803307	0.4169082035845067	0.08713273376445237	-1.8575566665764578	0.9923660717598002	2.0	1.2811408677531508	0.32295479305050645	1.9706776470426015	1.7860022047466595	2.0	1.1737939154451276	-0.3900636781142293	-0.15495175928188193	0.06669624923578879	0.0403934010696941	-0.7382559961324435	-1.1555807585436013	-0.9602410907711305	-1.020300881724101	-1.1711992813995467	-1.0546000669549487	0.0977735993057541	0.2186161780217131	-1.4363283689626702	0.9747053544436781
S1607065	0.7959273618705992	0.17621535095900193	0.9979327618736895	0.21463984148501225	0.7937017668105081	0.7816116395037317	-0.5891743565906045	-0.07167470420152397	0.1715668051992623	0.02998677848074046	1.572065834827788	-0.24106623997048904	0.5800291403782066	0.5448935828195056	0.001240549650310258	0.2611572590845402	-0.34122953611291246	0.2251283253071303	0.7827065594612099	1.297699713623316	1.0846506020834832	0.3685163098302246	0.5247933378633555	1.3275734098102985	1.1400430679807922	1.8618307628936324	1.1488256289771566	0.9551926588897838	1.1064264634720526
S1626499	0.6161575410215907	1.147227957014241	0.7704821443704072	-0.3134206976873523	-0.8126829027515965	0.09988399648829226	0.8004747575292216	-0.04519307689692399	-0.5014126820184932	-1.1113801401370624	-0.4341985664745267	-0.3402257712159009	0.7178965021377696	-0.21340434705824726	-0.305450288259132	-0.1486770665696331	0.6827068660010649	0.340323738765453	1.1112200676304618	1.458229077685061	-0.5229097388722792	0.19070681868256523	1.7177218722497738	1.3801219380091834	0.5856356620403842	1.1843376131382362	0.4288527911347977	-0.5106796302483341	1.6880215126652447
S1629730	2.0	2.0	2.0	2.0	2.0	2.0	2.0	2.0	2.0	2.0	2.0	2.0	2.0	1.1859201915844415	2.0	0.6947104584643726	2.0	2.0	2.0	2.0	2.0	1.5674785726218963	-0.021009352415762298	-0.18806582277383013	-0.3864890537143179	-0.16647114930513682	1.0671593869972786	-2.0	-0.7743634723323756
S1538444	0.760606214084502	2.0	-0.09744033905181412	0.42226654285548315	0.2853031448989297	0.9312432545662427	-0.2894802784072039	-1.6753946365618075	-0.18244407449230376	0.38368102796224957	0.9173715922102311	-0.6031811275944622	-0.6008106661034063	-0.5885506441320099	-1.087703996506072	-0.3525188467896668	-0.5679098042644934	0.21858610863280256	1.137518937997378	0.6190768555874698	-0.5448045871379575	0.5354404192988779	1.337017431728697	1.038366515405822	-1.2067157640693296	2.0	2.0	-1.8700976397192437	1.867814576781599
S1628151	1.0768179756834644	2.0	-0.006897781501583165	-1.0895584293316476	0.551129742187754	-1.8045221185033335	0.05352298594916676	-0.5497333017353367	1.2038297472063488	-1.2473411037554565	0.2571541202994701	0.4850374716200979	-0.5576094973990315	-1.6069327103185624	-0.8507898876235989	-0.3040646588526012	2.0	1.1467549610396255	2.0	1.2241757799842787	-0.8030836054990237	2.0	2.0	1.4694940070719962	0.4582099925030553	1.9454490492644672	1.69225909670854	-0.09014615225577567	0.46380070635972864
S1609835	1.545791672631779	0.7481814437245881	1.2125463713905558	0.2935595521232561	0.6109941713238773	0.10372949263822533	0.5074254760468316	1.1739363667206792	0.7013478384404594	0.6895592948881538	-0.015398588824739372	0.8208716143739796	1.3884502289649618	0.865681376006883	-0.7316020835601196	-0.42479471796959795	-0.7744272519523518	-0.8281394323561535	-0.6898454523381601	0.888681516520506	0.16188648975263512	-1.3937770773400848	-1.264641346585109	-1.4070170790854566	-1.3712125957815797	-0.20548083841059075	-1.842314037182249	-0.4079839051900108	0.7402747865462231
S1636709	0.0658287710385953	1.438633792660852	0.9874678682024889	1.5918829896996503	1.702555502708693	1.003178849311078	0.5817171525090084	0.4953496649056103	-0.009926873756314734	0.15347267828817196	-0.14687353329146724	1.3689715592456075	-0.125346171940368	0.013268882635388684	-1.0920853657770044	-0.08513139938280623	0.38206545909173406	0.5712111390640285	1.6734794276291873	2.0	-0.03868583609635453	-0.4740475725091905	1.765613218959237	0.8228708772593615	-0.27600510899277797	1.3966143586842221	1.3645277754875806	1.1413859676159417	2.0
S1523076	-0.5535800102515736	-0.025653075171242483	-0.9189816198902955	-0.23676722094821773	-1.7349456492084872	-1.223849889614403	0.4303921787553107	0.9671282930554844	-0.5399829807613652	-0.9245149199753446	-1.4435102358619534	-0.22929316081492493	0.8179827587741129	1.3171997395582862	-0.5644450177659209	-0.6824416081450412	-0.26811618309309604	-1.5197364570292282	-1.7226577847398947	-1.4646303325619914	0.3335978378706567	-0.6514257642958369	-2.0	-2.0	-0.622619721394353	0.08508134467683323	-1.2554366475823402	0.10358755635735419	-0.9843269791897757
S1430942	-1.0522143801510158	-0.393745182207803	-0.510563216815159	-0.23613760051003863	-1.4188894039950635	-0.7611148099954437	-0.9944973239605911	-0.5797921096753215	0.6545930076625375	0.2142031714147343	-1.46521589672332	-0.8687350924901776	0.518847965906433	1.0834592923203756	-0.8982971856435332	-1.1883712051677102	-0.3660691607500525	-0.20091284764962167	-1.6542834953215226	-1.1170002750370436	-0.602499736145089	-0.590306344996999	-0.10921986080226592	-0.8076937541381013	0.16032244583421745	-0.3389811552229654	-0.9398835772350668	-1.024136750907623	0.49248266878331004
S1531203	0.7281901684049603	-0.9557691821145976	0.3918402182758228	1.2264274694035635	0.017212909905705315	0.5243273851497656	1.1418048723078564	-0.17182107741204214	-0.28740624236652046	0.6588107480605254	-0.7081792290380988	-0.10657033633076252	-0.6969503757525776	-0.42325740939841433	0.2620959144046128	0.7373173569969508	0.02653462831405361	0.044705876710329474	-1.4576566126475752	-0.7722134320821704	-0.0414296563605288	0.08222971918428454	-2.0	-2.0	-0.49085412945247703	-0.27756244128683644	-1.0665555801473738	0.37644795954252636	0.4300978626636136
S1624432	-1.2118620865823424	-2.0	0.38180475378125134	1.2766372867653957	-0.9131125411140278	1.2412959670658088	0.32341138696970795	-0.9662132638164406	0.2554791055018077	0.6117975429023773	-0.8886519064024268	-1.5885006631601242	-0.5169698369028476	1.3210221606910733	0.798659085621142	0.017149547235666203	-1.545868244399106	-0.3139283069274808	-1.7676142007786293	-1.4810674765581746	0.5701541485651138	-1.8619147014726962	-0.7808446112441751	-0.16807789576364404	-1.7807924305655554	0.46713696856161285	-1.6411703665875084	0.17319197955431476	0.7030945082417972
S1609768	1.692651107027654	0.5178276928887681	0.7745964727854415	0.26473053903313837	-0.8650078790589885	0.4740868707116546	0.8757535049950781	1.6635714883319113	-0.2794265830565316	0.41283154575584763	-0.5639074741798896	0.34882119494980734	0.6222465658936571	0.0828889459694117	-0.999865295034412	-0.7394649023246489	-0.096738822469765	-0.8449189531299492	-1.6157477252049197	-0.7704848859017684	0.027032618660594254	-1.4373784939000587	-0.9704726224484779	-0.6690119404542388	-0.9766035099570256	-1.159897173428954	-1.6776283623897195	1.3559799599176996	-0.6229746682520222
S1647426	0.42710686933025716	-0.4337930491061405	0.19947386051799046	-0.5898192689877347	-0.38164258323515327	-0.03510748249515023	-1.1812263131381837	-0.8218510502123958	-0.23760140691526985	0.01987890933985631	0.07377552755861565	-0.5903291951362282	0.3181371614199687	0.43936757131913357	-0.14927202900015415	0.19852224612752517	-0.016076710335311002	-1.296862772975493	0.13147548995286662	-0.050285667108007304	0.5808455459090853	-0.2715154429126791	-0.18661797909334565	-0.5261063798057558	-0.35799286326834706	0.9894184953150178	-0.2021382434761895	1.4585532457011172	-1.7296373413108004
S1622619	0.7440990054030981	-1.5884017750754025	-1.2980159720687205	-1.5089415854961228	-1.5674569997493637	-1.9882928614758175	-2.0	-1.8758762793330759	-1.0421442750278274	-1.4045661267110525	-0.7731444904869147	-1.0643646257804145	0.13754960012016287	-0.3887528284434373	-1.2728841510724658	0.07278696866585321	-1.204548629151737	-0.9288439405172693	-1.7968597102230937	-0.996734130798707	-1.1568926736393812	-0.7108358742929164	1.5392494384444833	0.47207780377824093	0.5642508316497586	0.8806220668455017	0.371823111380388	-1.1538774234385498	0.3489281859429178
S1618853	-0.11444392520058534	0.8581046432564301	-0.4422911412670597	-1.0432927145798028	-0.31910778773109644	-1.0022525939236915	-0.9592278587848495	-0.6547501313151268	-1.192393823576317	-1.4752817902349182	-0.9680131773973711	-0.7302770123345066	-0.05652819711434967	-0.9550767926102403	-1.6425692349497332	-0.6442727356774455	0.41385611291263674	-0.4863964053134149	0.4598401299825146	-0.42964222956833337	-0.7059234380754961	-0.4060168788084193	0.6193060783547262	0.26230373428581694	-0.5223989738302462	0.770017580267259	0.4253501572566434	0.803698316680017	-0.3707065265785276
S1410914	-0.19420635981014525	-1.3304596575554999	0.2953537590909235	0.41365929874212254	-0.896738825320434	0.2693064206334129	-1.2090294230859866	-0.18190331187191264	1.2506305905640094	1.103850609525662	-0.3882954084081351	-0.06750048924863476	0.8829080068934773	1.0865542669692312	0.9843880044361503	1.5909909637280624	0.11938802605983473	0.057044908672147995	0.12891870115864415	0.5719179961963806	1.3965700617450594	2.0	0.31424710822754903	0.506089559330949	0.4460607175510804	-0.4829907553855693	0.33221134099787586	0.6996854990729312	1.3006470424505732
S1703013	1.5777824364960766	-0.16418405466777708	-0.8179546585795188	-0.31769035707235027	-0.9960297676135957	-0.5635118627185397	-0.31039866212949196	-0.7756320212895037	-1.543392501697009	-1.3711375916213653	-0.7806897830653304	-0.07279992849088264	-0.12170229998536419	-0.9665016555394872	-0.7639741210948363	-0.5834069181850777	-1.6235515365360509	-1.3425659994859036	-1.6898174420248786	0.27054437507630574	-1.1111453632360655	-1.4317330697536834	-2.0	-2.0	-1.8507349626177614	-1.0527581223212037	-1.7874453032171522	-0.9064228118274903	-0.9480753763997846
S1708928	-1.177593160190285	-0.8164242001303396	-0.5689940344854881	-1.6148035111708978	-1.795564968482671	-1.4134054640429492	-1.4426612057671577	-1.4849725011376553	-0.8021451846381908	0.5822348090923615	-0.8713577758592104	-0.7885987555199537	-0.5371716810294159	-0.6486286920635924	-1.6092586320543547	-0.6339771878932264	-1.589613632930057	-1.7758820304730751	-1.1246648101221344	-0.6848919844022352	-1.083299887316341	-0.23802893170105793	-0.31134849504274115	-0.9956871084037107	-0.3457858218859209	0.7147725067927361	0.36044916395848836	-0.9191532886807808	0.286617983053757
S1701955	0.16236437199225556	1.242915060056675	1.3745752852842086	-0.02179922796984455	-1.3545974693092344	1.0862040217994258	0.026531630684337476	-0.1777247899536539	2.0	1.1395241297571717	0.19018592255558608	1.6324369263908116	-0.6504303142905007	0.7295034189517335	0.4656040540281881	0.563811758546797	0.7385925283594823	0.9961568646699008	0.30149743216908553	0.28868432573056546	0.615778835971385	1.8204699335081076	2.0	1.946899071022463	2.0	1.9134031794441788	1.1509983641178987	-1.3178498143544717	1.4494450965576156
S1634384	-0.9129834663561194	0.45847842881834666	0.28427113219105765	-0.18570860129085356	0.21922784110229324	1.341558293808405	1.3627799000913174	1.2526316139218774	-0.1669292969754452	1.7541935671421134	-0.8281249672023344	-0.4792939040477185	1.663860872870781	1.0040222729551227	0.4258089749749926	1.60285940511365	0.047922773840339716	0.530353995163293	-0.8896883675281911	0.010005060672681419	1.0617980286091127	1.4176692639440525	-0.8989814002527744	-0.9201151457026228	0.42161734198393896	0.3854500646654893	0.3370942411596555	0.8521200849357168	0.6688728701276353
S1522624	-1.9377793078756886	-1.6837177112346806	-0.5162911719471733	-0.691027356630209	-1.6078192457322584	-0.9008135801268671	-2.0	-0.9111172454505011	0.7803187270022321	-0.7896847347761533	-0.6955856792935645	-0.08003709132130499	-1.3514680211654568	-0.5465149210751178	-0.6107876361421711	-0.13248228921505736	-1.9498485310596487	-0.9109869567402955	-1.0031679404145837	-1.404170386118784	-0.3701859831787029	-1.8844952521209561	-1.2539910778965835	-1.0310443903579858	-1.054377240450783	-0.9414970313893197	-0.7180510888681569	1.0854555295111572	-1.0209537043490513
S1634766	0.8628605601481659	1.7355500661066394	2.0	2.0	2.0	2.0	2.0	0.7471208843221159	2.0	2.0	2.0	2.0	2.0	2.0	1.9048307351609903	2.0	2.0	1.558432906595182	2.0	2.0	2.0	2.0	-0.5714355306958209	-0.707440188720047	0.1892004765016049	0.6898391212464235	0.8710036321550191	-0.7067125129008294	-0.1822962641981386
S1642782	-0.7631118810085236	1.000583219747641	0.8815368721249984	1.20433137869907	1.0817884793928234	1.496794917169912	1.269712643513308	1.0452932979410974	1.6753298810253	0.24827585798910282	-0.433239530744309	0.437455299019423	-0.42975175231147905	-0.5646806106081228	0.051438896372085804	-1.8728484161241217	0.11344881717930601	-0.7528375809557005	-0.40938919454737777	0.006539627219100242	0.5156271846761705	1.0956971562719344	-1.0337249180471513	-1.5150988414814617	-0.32295524398452075	-0.7270396164885472	-1.6926499044928094	-1.3077840677492008	0.0133155223031036
S1714518	-0.21076426711242924	-1.393202486162185	-0.8450025682947128	-1.4883018917861275	-0.5342617183528118	-1.1516813503970074	-1.3541586224714475	-0.9786199064503281	-1.2981882548533195	-1.3782498577584892	-0.6234413458368062	-1.1765050356139894	-0.7721005664646217	-0.448260307569725	-0.24586071949602734	-0.40646148565169304	-1.7618924276603072	-2.0	-1.616239533893881	-1.498643056215534	-0.2216626847479635	-0.49675730724208245	-1.5458131335992786	-2.0	-2.0	-1.3449931553640413	-1.9580584462579749	0.7440203427671018	-0.7068486782018507
S1705822	-0.9921869067964503	-0.3749325188634988	0.006897781501583165	0.6901619774012591	0.503998314231926	-0.9296467679359337	1.9459971464902226	0.6733067243906059	2.0	-0.7509308259559274	-0.17383732582593875	0.27602309619580323	0.17752496988207817	0.015741555369182657	-1.2323253272439518	-0.15833472246190022	-0.6198686560112308	0.9938957883284533	0.7870133078736783	0.6344884039219696	-0.5035051543712428	0.4087044452557042	1.2872009498924546	2.0	1.6737347255772073	2.0	0.5687738968355782	-1.00261458417435	-0.875530207634377
S1643235	0.8133438815781192	1.5838423938844755	-0.2877967559767156	1.3531034369921493	-0.14152945961586258	0.7183738772447984	0.643146349069816	1.9759628829869136	0.41733176158303226	0.5783914870972574	-1.0471858709821469	0.8059760215298135	1.7435453513307775	0.363230854421814	2.0	-0.8780666864793447	-0.5318530702605787	0.3055238990633097	0.019948315619039033	-0.10924629766561025	1.2150707300350745	-0.22419759120838234	-0.8210161649177161	-1.5341902210875684	-1.0778231384483332	-0.8961895142596727	-1.8589911414194045	0.07628183742845294	-1.0037289706083938
S1715365	1.7890099997991287	1.2921266001456475	-0.06905743349301413	1.4911501709414432	0.6512988546592856	1.1902366523402657	0.5505976172004934	-0.5829528666664026	1.4736979982497493	0.2518148810783957	-0.06279598432210166	-1.0189643308990692	0.43204286218349613	0.6085493632024077	0.25302027923881304	0.6731548453304347	1.4024093425532613	0.8550563366545758	-0.6484552578237008	0.7354543436694939	0.2391053835317513	-0.7899690009189854	-0.044579124993788834	-0.22317950292703634	-0.5089973575682775	-0.056735367938420114	0.2570854619185395	-1.0443865871074167	-0.33067273258034735
S1720416	1.0152548686354017	0.7821410660143507	0.6359104212868223	1.3431343636909894	0.8316572229340536	1.9840581659842058	0.534132783498091	-0.4607145461256878	0.5674592251693383	1.4166893248134749	0.6502689357549751	0.9847838790885808	0.9615944641976057	0.15682980417732528	0.29688498553876774	-0.44348843660847864	0.08810619310146348	0.12877544499768118	0.8309579166697129	1.5830109000439987	1.0001388759467367	1.9883491504601183	-1.4813876623621642	-0.6231432404196826	0.5694515908029536	-0.7836220199857703	-1.1514002612690633	0.974175775625909	-1.2096027620938228
S1918309	1.6779626711426585	-1.4497941033604655	-0.6812141561027573	-0.7321331842448303	-0.9844132718378056	-0.8399297188938731	-1.0767507409160406	-1.5026451815972597	-1.0692812086200623	-1.3727116942955793	-1.3142955850329916	-0.774788632396246	-1.2755053839642823	-1.4894355980288594	-1.2981717006484004	-1.9949471988252312	-1.2737257177020125	-2.0	-1.790453520837758	-1.3326214184262384	-1.0484698203965381	-0.6297798941985581	-1.9785858082512695	-1.4888855071344103	-0.7453487554478828	-0.9528713622984231	-1.871872872772246	0.45275397361696895	-0.9057909320311387
S1719482	-1.0823155182537356	-0.7310980575483188	0.20033489770218638	0.6057888330780172	0.6366170177282735	1.8228177679753443	-0.44572676032871245	-0.8189399114199983	0.6299067658401124	0.4543335311860292	0.9441817454963254	-0.7036492326787408	2.0	1.3468518091475108	0.9724248888280645	1.7439139947658875	1.04679617911066	1.1895368730884721	1.423316277460192	-0.7295410060570592	0.37848390063882387	1.3041817299433178	0.35027624700298365	0.14735742631330298	2.0	0.6424467342776415	0.07405712457947197	-0.05781774708874114	-0.37620087164335847
S1717132	1.664241069760676	2.0	2.0	1.3614049511214734	0.1858769612552245	1.073710937027307	2.0	2.0	0.6020838789587798	2.0	0.7538313396615495	0.4297617500972663	1.6201153659678527	0.7444673285645967	-0.5444314232081451	-1.4538985652807332	1.3914218100859388	0.5551096951815064	-0.0071205521136217965	-0.060318240279438745	0.09441522296831213	-0.8898455296162543	-0.789475180691796	-0.4765670870394411	-2.0	-0.9363002591862591	0.018808624014715787	0.33072175453445585	-0.32610536629131004
S1730092	-1.3560909770350498	-0.8204405165107677	2.0	1.285415379478246	0.7952668446057087	1.582432015031134	-0.006719454656984678	1.3276379687589628	0.930296358534145	-0.5359356083959625	1.4939278318251474	2.0	2.0	-0.12292457874571716	-0.20037992879762012	-1.2078587994019243	0.4968952269988441	1.9473317035733158	-0.15444706479127696	1.590723745887137	2.0	-1.261255768556369	-0.11127163551574282	-0.4475704920142424	-1.6613842593207295	-0.4524857188265932	0.2858556126917629	-1.5369707519701756	0.8953411848488236
S1723571	1.5595942132923715	0.6474910911144297	2.0	1.2920911555315653	-0.4232243449416059	0.7577135787524796	2.0	2.0	1.0006901879554688	2.0	0.1735410633060408	0.8099954295419868	1.2309029866643753	1.2372380272900152	0.2324398578019275	-0.8013889511036048	-0.07369602965983499	-0.017423979434002132	-0.7034978654839322	0.5635465090775954	1.596971393911464	-0.08305732698746394	-0.7646814140738589	-0.29461362401980834	-0.6643249764189908	-0.6550702884368554	-0.5185872448401521	-0.7306599176143257	-1.7051818951515636
S1707787	0.651167220631606	-0.24310131485558528	0.38604124663114386	-0.914881138487806	-0.005736394046462529	-0.4941124212281271	-1.4669176149618117	-0.3318922343991077	0.5124168385884812	0.2916243121549223	0.23748246512226587	1.336552583041036	0.4338781663373584	0.36707010553052827	-0.5065262806708668	-0.11229844581572382	0.43802316647343725	-0.5151282916167492	-0.28227071554523836	0.09168638102596763	0.3927692396525227	0.4680567191619493	0.3822922972087975	-0.5301227224608877	1.4653710849973642	1.0863773411217252	0.7057663945418953	-0.3003549664837898	0.6600923118109069
S1725605	-1.7707683000452028	-1.9584686830904918	-1.5189263989806556	-1.0791039138571261	-1.9027492498405358	-1.2556100469566436	-2.0	-0.13220921209149494	-1.8032637241875384	-2.0	-0.965615971367915	-1.2221079741657024	-0.3703584143398336	0.35278698360843536	-1.1146748334341219	-0.7242023267413278	-1.9924524428578758	-2.0	-1.1088686376459205	-1.2014046935675418	-1.3564403315850297	0.5180367241361149	0.14000424229087005	-0.06412055189431823	-1.0445114558945858	-0.5550735552271555	-0.4559389825611513	-0.3846067839209508	-0.1729869152134252
S_141	1.0739665227975463	1.9746775899366942	0.3885483281776259	0.020418135613081895	1.8188539194311042	-0.0647742344672026	-0.4867275726806499	-0.3662727606005209	0.16239186525160332	-0.33750795325910665	1.3175130100438344	-0.19347560750494722	0.8351780101392609	-0.4355079557298526	-0.5107538328118802	1.0997132816369006	0.7080610475121244	-0.0733774868461933	0.9470266884158924	0.4316709728327151	-0.29424078993788283	0.8718341840626753	1.8484866738485373	1.8715360871996451	0.9163068634127215	1.219550388018564	1.3528271888226877	-0.07408690326384083	-0.07391500085702521
S1729428	2.0	2.0	2.0	2.0	2.0	2.0	2.0	2.0	0.8156053756240981	2.0	1.244527113927097	2.0	2.0	1.9756852508806175	0.4380593319565678	-1.1228057351768654	2.0	2.0	0.5231536254511346	2.0	1.5885598092106221	0.8594941469197184	-0.2715868649258243	-0.7228170371896077	-0.806513044038436	-0.1351463692873128	0.5755079804868024	-2.0	-0.03120275625550891
S1750999	0.3002160148308613	-1.2151167380736156	2.0	0.7434110885732993	0.31959182338560876	0.8778336873963452	-0.2637087053779544	-0.13840090488133258	-0.8704228236457329	0.3358850546204259	2.0	1.459393966430226	-0.3242678282201111	1.8612171812885305	1.5997884874371862	1.8213304879078493	-1.1159244045123549	1.4910875924140667	1.694256027900483	1.465808101211426	2.0	-2.0	1.6581433983393559	1.4727274019093417	2.0	1.4580192861269052	0.9335371737063042	-2.0	0.6557315298012153
S1751781	-0.301689557205341	0.6019746992844938	1.5149897996629826	2.0	0.055333423838040935	2.0	0.9349203499236325	0.8902341258619894	0.7478399599974851	0.05072424151511017	0.9125960256113701	1.8910311077726414	1.7576529004436525	1.563965142019907	2.0	-0.05007073782226804	2.0	2.0	1.1924392181386232	1.7653129717041958	1.2629568500525905	0.6383566212750894	0.6970135300825191	0.15712756215491216	0.4083024118305569	0.8097125371346453	0.3008600267308291	-2.0	0.6500546935942513
S1802759	-1.0553059223619656	-1.3505420478132313	0.11772086846707007	0.6278133739186168	-1.8208543079081212	-0.17358133682807983	0.5032987074264499	0.18076328837183023	0.2952157866390867	0.6812211261687465	-0.3976944014968757	-2.0	-1.278980069624872	0.12226552397397074	1.512540898865662	-0.9260118241343761	0.5776149000474693	0.4371587621380077	0.5335425432220657	-1.3784864894537574	0.40980020500817754	-0.29856438629428217	0.3578417744169865	-1.027772478896957	-0.15154000880517507	0.4793422307727135	0.705495841854968	-0.05301350609193205	1.4946778614784684
S1751090	-1.8081432279645415	-0.3301212791540044	-0.13094716307271917	2.0	2.0	0.00581922080504051	1.1119657633623181	-0.21585634779121496	2.0	0.30915959528908016	1.9365252733364107	2.0	2.0	1.0008816947360948	0.6804001538592375	-0.017149547235666203	0.6414560019007931	0.9744645038552715	0.0071205521136217965	0.0036871211855823167	2.0	2.0	0.28055426638958747	0.7173743033680587	0.17818528158278593	-0.27801960411422916	0.5951279740300583	-2.0	-0.031166837573695694
S1632592	0.5065162483881264	-0.5211877756240997	-0.34743892830047635	2.0	0.3194642829583658	1.3070460048978312	0.27853218472571717	-0.8783884373462117	1.6311897512957312	-0.06140534533035582	0.4013778865661681	-0.32379505459449326	0.028906658182795256	0.77057918613283	-0.013500155911712462	0.6559100905862448	-0.1408141158921623	0.8880754820089097	0.43381264891615173	0.16646610436756604	0.5192935777176705	1.1772363659461071	-0.8385777849693447	-0.9053102866275818	0.1993515661101239	1.3459287232149837	0.18819765191946145	-0.03815580802998778	-0.3646216529606628
S1803586	0.039098077741610754	0.4109328893100362	0.01002968756497116	-0.10955009542215863	0.8321594591995485	-0.00581922080504051	0.8200709102279209	-0.5194704242945429	-0.06326072494194483	-0.34716753371926046	-0.9304745985241827	-0.9046286942259307	-0.5669030917738321	0.07533235417910861	-0.9994114749597585	0.14408290285336853	-0.7050460505557105	-0.43220234228350873	-0.45486484354267753	0.3339987092273494	-0.30491392679294355	0.8458053462709643	0.8792139467838425	0.057069896594653516	0.35153826474393884	1.062657373977257	0.21112878857309578	0.9799289428171055	0.09124039655535729
S1802161	-0.03485376876217913	-2.0	-1.6862436586293081	-0.8613582798890845	-2.0	-1.1063775935367506	-2.0	-1.1643186999258468	-1.1984282418752488	-1.17040324945431	-1.8537605024042454	-0.7648102532337464	-0.5927109449428477	-1.043525755961044	0.25184607668020564	-1.7763533548387282	-1.532574392773605	-2.0	-2.0	-1.381369190636446	-0.9074621245699702	0.0951869452797867	-0.46047292341960705	-1.4008687192092286	-2.0	-0.0013091306962143123	-1.5780069892883342	1.8092740194299743	0.5145003970831152
S1730187	-2.0	-2.0	-0.05118195849618447	1.3595986633660675	-0.7198345544015305	-0.03312531731339167	1.3575961968450427	1.6908964887499807	2.0	-1.115297231307518	2.0	1.7134442633697091	2.0	2.0	2.0	0.8631781928299416	0.6364082612954483	1.231613141535179	2.0	1.08907017287132	2.0	1.1373390487472694	0.7808670705814553	0.07415672746439897	-0.5155470134186582	-0.24584673451465058	1.6384282314340517	-2.0	-0.0561998392887455
S1726021	1.4027169149165701	0.10241830316963395	-1.4977695426407032	-0.806189528085615	-0.4489817056610133	-1.3007191370936415	-0.91130213596561	-1.3471415784659047	1.413068642129069	-0.3112286549981939	-1.144301054503733	-0.5140265225533457	-1.3918233112650211	0.21638245790468696	0.034101164430366586	0.6480752708560068	0.24879924482342367	-1.2513424576991965	-2.0	-1.1558453854242972	0.11715496394899483	-2.0	-0.10880000830867832	0.5890093897792966	0.3197221600570047	-0.473024977317007	-0.02464101218889337	-1.2012506950983057	1.9190406650360219
S1722782	-1.1120645326440073	-0.3762261556076486	-0.7150654963857446	-1.4994189289117286	-1.711468725664825	-1.7106665885782526	-1.6456514256714876	-1.1381604424721943	0.9305955916358173	0.4493614492448838	-0.5054045967007602	-0.6567566373327816	-0.0091049745595095	-1.0079439771932022	-1.3689604926920627	-0.7800483239773808	-1.9717828275512235	-0.9529832743300792	-1.566693032554738	-0.8393056642223105	-0.655977355929641	-0.04329089043746389	0.103002611598224	-0.4989817801354458	-0.14628031593315188	1.422607877319933	0.5472677060136056	-0.48634288778124596	0.9034230501412515
S1808374	-2.0	-1.5853048435937311	1.2748593596908029	0.5381436796016879	0.27333996218643236	0.9897824691391631	-0.5241763926481185	-0.006073067497413777	1.3569555147090326	2.0	1.5050321780839875	1.2721832212984274	1.439530869816177	2.0	1.0142775812157676	2.0	0.5084520468499235	0.9416654840549601	0.4692056908588567	1.8044926963979617	2.0	1.74581058259172	1.6056756736965738	0.34158919084732053	2.0	1.8797323463230364	1.2045376175156555	-0.7939683050579034	0.5264867246469243
S1809577	-2.0	-1.9337303510230732	0.25051905272039493	0.3474410365292066	0.1768635646098205	0.30444346378454856	-1.4009369352693628	-0.750552902866298	0.053217512442962064	1.0446485038943494	-0.6651368515833972	-0.19784077629219848	1.6511798516090885	1.1790917371690155	-0.09087872039525184	1.3664450079863808	0.42204295166021205	-1.064150602451719	-0.8934672200957523	-0.6434945155009416	1.1355681495362788	-1.3490532478723232	-0.9068180407342457	-0.6186423693398471	-0.6036201276206636	-0.3522868325337998	-1.004443271675445	0.4759982407288857	-0.5241953251643867
S1810618	-2.0	-2.0	0.9584291654144558	-0.7741589877937937	-1.5887612876854416	-0.8009589572961665	-0.9236178668249642	-0.7161035122422283	-0.5259212579620902	0.10296334256020458	-0.31951109078724876	-0.9353872684629422	-0.26504265115500936	1.2511199832437754	-0.40553366809401076	0.297295259627792	-2.0	-1.5649307354505184	-2.0	-0.2174637294634139	0.6168946715453241	-2.0	-1.1000612594081847	-1.4650206832735568	-1.252527789459711	-0.5310708468389004	-0.539194549192252	0.6823382311984677	0.4976554597379784
S1730737	1.188520760391231	1.5454073405798425	0.48064796814723854	0.14012677142388963	1.606703948900993	0.5337525571748203	1.1211636476525695	0.5450177691597724	0.8847555551772486	1.0776037727923766	0.7979564531199055	0.331106099460155	-0.6430520056987953	-0.22642186072899165	-0.013437934348414487	-2.0	1.95364444457057	0.33297028856065497	2.0	1.1246394709350933	1.3424131673340483	1.2350724593349993	0.20244441295551202	-0.3760451091537059	0.11232949183288334	0.1006210028584597	0.4687482956736994	-0.4103770294017385	-1.6435334527364054
S1812360	0.9242616491103093	0.4569658773264541	1.5075103676080457	2.0	1.4094829459148028	2.0	2.0	0.08318025582310244	2.0	1.3575639196822895	1.1135745725044923	0.2780791541162688	-0.14273548020444793	1.2315793488354132	0.22870581588911423	1.6889479796947655	2.0	0.6917358209142399	1.710696825980319	0.9273029983611887	1.2414665373041678	1.9100165128877775	1.147251450934535	1.216449037441159	0.6684768731653995	1.7883982623463055	1.4008784614877872	-1.0977487475423786	0.02233757200166481
S1809977	1.4574297072110922	1.9289406219525977	1.1813249578932887	0.9724291879274205	2.0	1.2611530510060085	1.6183852393095488	0.49543029758415474	1.1639999554800895	0.8273926281329923	1.348317388869897	0.7929881248951804	0.04481264458907615	-0.14662357346474128	-0.6022960747964724	0.7621809683675804	0.6708287098088571	1.3109435388835728	2.0	1.6995427626374302	0.9878609832778074	0.7286701683646509	1.0739956719144892	0.9670868526441168	1.6733708699983396	1.7722891288156917	1.718518777231395	-0.2842493314023785	1.1846362198330695
S1811766	0.8604846655961684	0.007358360003470132	0.6176396498823256	0.7767731026432678	0.3251224526306376	-0.05923117380442084	1.124177224579549	1.4167953591001212	0.4772556090754091	1.8820733606186464	-0.5292161639283126	-1.1225553688167877	0.45550120272359146	0.42475797611862603	0.6854248669529118	-1.3406796789056143	-1.4537580762513314	-0.24813630311082935	0.3291087613775794	0.789252713651904	0.5068545792125277	-1.3556046169993676	-0.9002710149871638	0.16732529600105492	0.10632364095579633	-0.19645682298849357	-0.012656429357290893	-1.0269968086352048	-1.3284150553336647
S1811932	-0.8461176196016764	-1.4278192939045833	-0.03956072195115105	-0.14088982143940862	-1.0101284527418521	0.413878597256187	-0.19202358150999607	-0.06592093796934569	-0.05663994144190455	0.8813811785855924	0.5309286597369558	0.2507259363860353	0.5353160782363624	1.163301154965396	0.6513037820368477	1.2431881197995862	0.5432944791243821	-0.8773760773605973	-0.43213862837474126	0.031362172760439753	0.8758253617142298	-1.8468078561972554	-0.49857715837694233	-1.7054046109273686	-0.43413750664394973	-0.7671243501971403	-0.7365901972576002	0.6045818064640516	0.3773900966052686
S1814644	-0.41839120375879074	-0.7371274636706431	0.25388723623126563	-0.6847401998097491	-1.350908143269256	-0.7466868415848433	-0.06718767942949977	0.9015189465601963	-0.328753926324387	-0.4159218360994189	-0.786689836745575	-0.06854637731435936	0.0764573650672968	-0.06394053849201989	-1.1320686618709517	-0.8117222598097039	-1.5468690467499373	-1.839459756177019	-1.1230619972182574	-0.6052742113110721	-0.0853280843405337	-1.8037832793190365	-1.4391039053698522	-1.8913459474694567	-0.883153665992355	-0.5233842792131598	-1.1005882204284225	0.7009395605426988	-0.9018810729969514
S1714171	0.11825314129382092	0.3264487614642302	-0.6668597689629343	-0.46195282385463826	0.374357289065497	-0.8848781712814702	-0.5556537776892883	-1.2358373114825791	-0.4485616420302192	-1.0031707642901495	-0.873889398201603	-0.3503875090149812	-0.02268307516709104	-0.8312971891068553	-1.7148429273375914	-0.9902739261383393	-0.8106748982117054	-1.4813375462173621	-0.6113195752548058	-0.07515446157241004	-0.6132118381868785	-0.6022542628813397	-0.3829943521751003	-0.5373289753658818	-0.8725386138343302	-0.4398095174496966	-0.6083143692792062	0.6968612904147795	-0.28558556633731363
S1817037	-2.0	-1.2402312880164494	-0.7789543039831055	-0.7853050714652944	-1.8773905259532815	-1.7712915854337934	-1.333144176427574	0.4259449942198694	-1.5651101373037228	-1.6579011854156926	-1.6181869708961114	-2.0	-1.4904576018429185	-0.4092551261419371	-1.0792976269247325	-0.3756687440591203	-1.846937682554574	-2.0	-2.0	-2.0	-0.8450183068173559	-1.0507992960904926	-1.367368908783229	-1.3578672565838419	-1.2784650362282475	-0.6339759456898355	-1.8777911673815153	0.8138595898682763	-0.00601826624222639
S1817274	0.17199245794183682	-0.11050353456320787	-0.23779439097720628	-0.9412965769663759	-1.3022012543961887	-1.0561058186244312	-0.156692132100884	1.3526280630211598	0.016315355957236096	-0.6913339197597003	-1.078267582109141	-0.22936820347647952	-0.3068540714797666	0.25455782799836435	-0.6586767310462724	0.35729671484032915	-1.9224695008183972	-1.5432988395873701	-2.0	-0.6583247371186953	0.2829109810062544	-1.0184079377531272	-2.0	-2.0	-0.3839071753635261	-1.3978685333229879	-1.5306571304329153	1.3130933818233392	-0.3750163038324892
S1817053	0.3022691675893749	0.23366824951799853	1.1906795407198814	1.5671247991036792	0.30508252595416063	0.9666380433091415	0.4612554886642938	1.300771318360449	0.011748059851777005	0.9517160654216916	0.016779440586579028	1.3434113829650003	0.6314344300619483	1.5553903215389027	2.0	2.0	0.8913390719608097	1.5404781074377771	-0.3236573087402532	0.48846786391940766	1.870654356638996	-1.3427140118920147	-0.8885009066276947	-0.7245974454276384	-1.1318390685816586	0.4746818911092622	-0.5616626709128243	0.0038449513227643856	-0.6661357253882839
S1817280	-0.042814927226316586	0.5885704173554266	1.541839274704253	0.6899215191557067	1.2713169107217122	1.2082673931314896	0.7952110536255819	0.7938722979641565	0.7254801833033686	0.9606632379574367	0.9889048437729815	0.48735684426963966	-0.6863539721786008	1.003843106674129	1.2823354156540183	1.9478488910036773	0.9822405080906537	1.2066194984009069	0.7052555366842217	0.4809029939512562	2.0	-0.45014293919334414	-0.17551448631281583	0.09519186822584624	0.6363176373740375	0.9921546548502637	0.5446773392470291	0.027144076310700278	0.8525333191603538
S1817683	-1.1419665353719808	0.1628811264709311	-1.14750214123084	-0.5455525633649858	-0.31182713716951915	-0.45071394188966446	0.7328466510679642	0.7093307440263545	0.19628911776073177	-1.358569292760128	-2.0	0.41895954626619786	0.5966119374643183	-0.7991382961705704	-0.6225992876616214	-2.0	0.18119485781223713	-0.6923707954085861	-0.10155544119442372	-0.617370629038418	-0.05920784662058074	0.2394439214303127	-0.7961728438093488	0.008721211446118827	-0.44964534704842896	-1.1597151412813667	-1.634730874806988	1.2009796010579885	-1.6433126678761354
S1819238	-2.0	-0.4749573493635997	2.0	2.0	1.2222147422401932	1.4291853085383899	1.3756814491488856	1.4011088003443675	2.0	2.0	2.0	2.0	1.989916172018712	2.0	2.0	2.0	2.0	2.0	-0.7797230299900967	1.6747719312777207	2.0	2.0	1.7116799683254462	-0.7808813393349963	2.0	1.8035345779995418	2.0	-1.9496447366610623	1.9529281741363107
S1821067	-1.2176019230714044	-1.2359791295951637	2.0	2.0	0.8589364949492443	2.0	-0.09037211621690533	0.6454234186325408	2.0	0.9204354811497957	-0.7546242441852024	2.0	2.0	2.0	2.0	2.0	0.7799801646872458	1.6963783851616838	2.0	0.8343508938372556	1.5191727601805451	2.0	1.4534490910826527	0.5239008942506715	1.8162353599683425	2.0	2.0	-2.0	0.7448655152120106
S1844783	1.454927934659434	0.6408900916892905	2.0	0.8277479298829415	1.182956777553097	2.0	0.8583922091943818	1.0578602855496912	1.1406429590830989	0.8681032811668861	2.0	2.0	2.0	2.0	2.0	2.0	2.0	1.1316071899685332	-0.1261568649487401	2.0	2.0	0.9962614646581843	0.5578804753470759	0.7012670748722512	1.198468028777545	-0.6339353545360734	0.808633438325881	-0.818810212689171	-0.13063513195522958
S1812482	-2.0	0.13944012784647516	-0.31123608730082164	-0.786716944270889	-0.8832391364789739	-0.5488233837703045	0.38018760017831565	-1.3063989695380636	-0.5319883648282321	-0.740619800027511	-0.5300125856727047	-1.4074063996927804	-0.4785355566429349	-0.6803972007692769	-1.7919919822502004	-0.5060901591055763	-0.27761998917216574	-0.8906254910707846	-1.062064310060745	-1.2711946058821537	-0.3205661195500843	-1.4145110768765308	0.43657101425274075	0.13986808863000796	-0.6362714689043372	-0.29143990933992914	-0.5160355774721037	-0.831371331537717	-0.26030782110974165
S1715219	1.3140691131401134	1.437009123651682	1.1052559183582622	1.0637836148226978	2.0	0.7999024749014033	0.03612059302889391	0.5698597616833777	2.0	1.8196270206496081	1.3288144197011622	0.6212192590040446	0.4044168294736121	0.8217179112145457	0.6327419166565493	0.35577522903169867	2.0	0.9543578938186448	0.8789880873698488	1.722548903616848	1.071254265908851	2.0	1.8958091822697782	1.3841517258636131	0.3935978174416735	1.3128331280348273	1.6028647644066867	-0.8771992652286343	2.0
S1852396	0.209764630290172	-0.9215674299952212	0.8687326260245537	1.5335692873457976	0.45963457616917713	2.0	0.9674864361085179	0.28646054929107306	1.96388743089303	1.6221245869501264	0.26759279848457784	0.7356868216054141	1.8265691337752528	2.0	0.7816771584651964	0.7764047278906556	0.1932352864727588	0.5093317280041085	0.6839832135260774	1.2063970095736378	2.0	0.7494192157713921	-0.646642942719794	-0.3647000122478323	1.2338846411423683	0.35324925627929443	0.8817293328821288	0.061722705911848766	2.0
S1831943	-0.2116457265340343	-1.2234893298001543	2.0	1.9957446351892771	1.1841873552317939	1.8073162135688785	1.3291685274246408	1.5692688615244519	1.4169866453621758	2.0	2.0	2.0	2.0	2.0	2.0	2.0	1.5841722939498202	2.0	1.65854708464197	1.836468176594558	2.0	0.5875452585579034	0.7452486021182245	0.9550379356822545	0.4277765003402014	1.7376145298471501	1.9798898807705694	-2.0	2.0
S1836159	0.2391076315646773	0.139205665437703	2.0	2.0	1.306743529171923	2.0	2.0	1.7540714559398813	1.9820068548821133	2.0	2.0	2.0	2.0	2.0	2.0	2.0	1.3564336966425268	2.0	0.9823073605928685	2.0	2.0	2.0	0.7239826137207817	0.8803723153277927	1.9126287271573317	0.9010713723827218	1.1397753893175562	-2.0	2.0
S1850425	-1.4282708890211742	-1.7113667662519194	0.6110234453234766	1.2317127712783054	-0.0025876999996063315	0.11299255495464862	-0.0917308678678378	-0.4464124276517868	1.404651837619438	0.2851596171240463	-0.9393219521836711	-0.19429803496650605	-0.37381245079500186	0.6239741942604188	0.22729532735743854	1.3873473894890318	-0.3099656746688031	-0.8144727934516024	-0.9497394572084717	-0.5321556088320574	0.7371338813180464	-0.4784888370504063	0.7348553710847348	-0.458180424862126	2.0	1.5099476790319055	0.04289121458078108	1.3034654209802268	1.037715456648428
S1851608	-0.0963597941442992	0.2272037134697353	1.85848577676079	1.441342998890265	0.6709522254134569	2.0	0.5131956816486423	0.9953122837427976	1.582964689429326	2.0	0.5839671426186629	1.2863748676783904	2.0	2.0	1.1027232717601083	0.844196983788986	1.1253920579299617	-0.3513720678546191	0.39902908078130095	0.7937485545181889	2.0	0.9121731841639004	-0.686856400303095	-1.4754369783328396	1.4947398631555076	0.31192300375737525	-0.7110545799866834	0.9858836672794575	-0.31573989578043404
S1854131	-1.7020995579053693	0.32783034038316483	2.0	1.923307970546881	1.8231925299119267	1.8541419267618175	1.3995194807437172	1.5582149130295926	2.0	2.0	1.6654393562214227	1.7028000625094097	2.0	2.0	1.707681683596947	2.0	0.7881791515759846	0.9807762247394484	0.13513517750057596	1.7125253294845173	2.0	0.9346853459319029	0.45713142606433554	-0.29001869174747746	0.9248574305242793	1.8569080032226533	0.9588060633443993	0.9115449505422796	2.0
S1814697	-0.4750692793580788	0.26646639419421925	0.7430782842107608	-1.0456519189759237	-0.6293771532053243	-0.9208400343105289	0.6733949545682691	0.871951528500085	-0.5618563127105797	0.10607998592666042	-0.6574139610442831	-0.2699794416494864	-1.4605214502427	-0.935211203245509	-1.4491229568276873	-0.8092623928535257	0.01796271267813515	-0.7356634901685375	0.10153757390963952	-0.8252197665861786	-0.5797378422841276	-1.0073150323677964	-1.2833659497862195	-0.9534531638883654	-0.9208389599339726	-0.8414480534703835	-1.2274435371630352	0.7198503652546913	0.7505300319188988
S1910136	-0.10779987526307094	-0.28346878436761985	-0.03567883223894464	-0.6198773199328895	-0.005823064505134878	-0.4873943659104735	-0.5908308246720123	-0.5139472629215609	0.10340077382594931	-0.04248028369089318	-0.8699823329378327	-0.2421710039211179	-0.41951451709751497	-0.5552298886981737	-0.9659486744306984	-1.3945093681602343	-1.6676506317887023	-1.5908010450589294	-0.8278843151766179	-0.11848178109685348	-0.09553426254958843	-0.5989765468658271	-0.9191071996854072	-1.4481340335422155	0.09581169164658654	-0.21862684110871466	-0.6730634206404237	1.2967415881997002	-1.2017325618982482
PS_19_284_S	1.1687657224367378	1.6700400060641456	-0.4136685234388038	-0.6604081829661977	0.5962739127860068	-0.729876458832653	-0.7283153013046156	-1.1923596980765208	-0.5199660826681544	-1.220244549603837	0.019380763084564576	-0.3189083540299592	-0.4442292503775861	-0.3275512639293791	-1.4117789875282039	0.07951750138902965	-0.11836162697600744	-1.0758247959230365	0.2417374586797639	-0.08984965738919298	-0.5135586322509424	0.6459400178634687	1.0286405818476116	1.0506178392448557	1.5179193161600117	1.7985689154587852	1.417577738100472	0.22089799495007523	-0.4755709789066482
S1912764	-1.3216440888056162	-2.0	0.03943191492910975	-0.10999354043303913	-0.7584559245677427	-0.20692836135555212	-1.6712377085027328	0.018015290138288655	-0.002881863762932527	-0.4456962451675905	-1.2164121836745891	0.3178474587528889	-0.2577320860547854	0.20662959181077925	-0.09542543384133062	1.111188965611335	-1.2593922547195777	0.9389485232193632	-1.54983643042423	-0.250221771245641	0.6788870783516728	0.03579976180359493	1.9953991668135833	1.6053902214014533	1.9436540496451427	0.20807816113941482	-0.2300261135461704	-0.09579890918517203	-0.9842790223623118
S1912050	-1.1027446145676116	-0.5266781924231578	0.46499387157708294	0.9450674076834277	-0.5302831831013816	0.5034880002147649	0.22549768639173393	-0.5017320507925876	1.3342715259284672	0.997056880148347	-0.11020715356529623	-0.9447794419919284	-0.06452373486561	0.49778928956266416	1.0838475485031493	1.7019534657721147	-0.1418571085133784	1.0644039890914065	0.9146251486580304	1.3244421264752677	0.870119732455777	-1.185976583105719	-1.4764405142717376	-1.553772609830293	1.1718284332888145	0.3183074441120159	0.20747145674848871	0.6113678643909779	1.177447524462911
S1915891	-0.3723581796250488	0.4653607020960611	-0.48257536614937313	-1.1494625879051872	-1.096010259164246	-2.0	-2.0	-1.4176434647546068	-0.8533103396357035	-0.09805439756377572	-1.6757187028361857	-2.0	-0.9409531771963637	-0.4056827584511105	-1.4822866196486664	-0.3176960591065592	-1.3453395754378048	-1.6550820587284927	-0.41473486979092633	-0.6165084913384187	-1.2306095207955186	-0.6234326940615963	1.1103765332149031	0.9145859689198813	0.118596801229968	1.4834139937317958	1.0726583505409397	0.45195634097360526	1.094711818213941
S1918916	0.6550476711373903	2.0	1.4554608860266438	0.00692867628226468	1.3956085355202525	-0.8038544847197963	0.4010369914794663	1.2975234716136725	0.07466253975041542	0.5334510794469861	0.6873432810228357	0.15339187436379276	-0.5405742715386314	0.29708945843817336	-1.0408312679216916	-1.1494512451338725	1.3610183009060863	0.8760647458749059	2.0	1.2179893086376732	-0.10279230677672754	1.2854491473106673	2.0	2.0	2.0	2.0	2.0	-1.0537458505377966	2.0
S1916323	0.6130302807291242	0.2894155582399452	0.2588564294198286	0.6107563141059182	0.4858436853807245	0.007383244360351497	0.39197739534301423	1.8766761846848963	-0.4315104236116717	0.7617641099402422	-0.7681316399303004	-1.1162733807048069	0.5069061754400422	1.6420396488786555	1.0622264960128793	1.300158086544271	-0.7071898140143211	0.9824539485433826	-0.5426005049349809	-0.012573711377843775	1.7739882947209538	0.28578352764605713	0.38559342896566945	-0.17722073733639468	0.017785824500474015	1.7807309013507828	0.012656429357290893	-0.347108024856157	1.581320968385093
S1918033	-2.0	-2.0	0.09226815658456006	-0.7847948674197921	-1.345226668873536	-0.43835258323803034	-1.7275566809452079	-0.9630829729013732	0.2563312223381582	0.5482058526955326	-0.9799212994628753	-1.3110421421095428	-0.29210565964691926	0.23962603455431708	-0.35716262308062174	0.2720923473735547	-1.4025989161839876	-1.1573539010271932	-2.0	0.0950049026208189	1.1986769749599981	-0.8073700642213196	-1.0408338890918878	-1.1225405734825873	-0.040419415581660505	-0.39987713448826023	-0.6966917914633	0.9846932670539051	2.0
S1918690	1.4163623570599924	2.0	2.0	1.5218579029163086	-0.4494038208022541	0.8595993385571785	2.0	2.0	-0.45303711095593435	2.0	-0.21927862863051772	2.0	2.0	2.0	0.12189049687965128	0.7953893982227656	0.9103060674744864	0.3742309606363825	0.045739978006691676	-0.5261024814426001	1.5641659986826528	-1.1844370773337036	0.013840745120483073	-0.7518254092234196	-0.27532352778297564	-0.2852163955596655	0.10331695308003684	-1.697778483494547	0.9478030006884967
S1919563	0.8841903342758513	-0.7060018121354286	1.2395126403012953	2.0	1.6243829171234005	1.7280385211778875	-0.18053845613810293	0.9674697184563621	2.0	1.9185951526222045	0.1032817984036864	0.06854545872828993	1.975951257821989	1.6965524878948364	0.7573696072352045	0.8181000987170464	0.13016856220790163	1.0990294090136712	0.9275539665144102	1.705936166356192	1.9999831282864131	-0.35336781253583494	-0.42739022134702276	-0.5088347191683735	-1.5743004247252321	-0.7834113626090368	-0.482767808780791	-0.6223240643679282	-1.1100378231563774
S1920336	0.8348124035448854	-0.6972907885832875	-0.3537180831898276	1.2691596391644913	-1.1430847228729601	0.8054648147813541	0.7721210782821247	0.16407795464362593	0.6398503712387101	1.452133386764818	-0.6229928339182329	-0.840808238514825	0.07801040657368342	0.22649249067667876	1.1796009643949308	0.06574576367937349	-0.9271076744766668	0.858960712816132	-1.8044437771174788	-0.8753553572961785	0.4446076198713093	-0.7247374240032539	0.6494969301768649	0.6734872305363566	-0.4893418434366413	2.0	1.4314674463619186	-0.6313005964538354	-1.3368372033709766
S1922063	0.7636826464778574	1.0247733404784787	0.6981047738042514	-0.10956673211407857	1.677991136257897	-0.38097656126799606	-0.6514894867686246	-0.7384585814889664	0.12333449180906123	-0.3532040513406853	1.2247108482435107	-0.33586355566350296	0.10840946493756745	0.31841968050075453	-1.0816931630343125	2.0	0.29214116720877426	0.27969618156357157	1.2735539202531334	1.1763769603527385	-0.3542735070269198	-0.6324241604953282	1.8194203119707881	2.0	2.0	1.818915238924922	1.0663313253273723	0.11798961728943712	1.1227105485324662
S1925274	-1.0777299889421246	0.4875974842347775	0.2555475083305798	-0.6097493084021889	-0.9290954784601215	-1.5027912702766055	-0.462827891215473	-0.65550530528043	-0.37431406482450863	1.0289441486524873	-0.2142613949899546	-0.27531335188249567	-0.8356258921711133	-0.31009294069065285	-0.7992830440120312	0.5416608095339441	0.2671368983835545	-1.2656665057079035	0.4801463235720382	-0.8118133937337175	-0.16247573165876839	0.5675801277537167	1.9677886795542205	1.3117010708405685	1.450128563803233	0.6783704581887813	1.0130512658936575	1.0392165696986428	0.5588363113855426
S1926227	1.7652835582276847	1.1117815289070145	1.0250954165213153	1.368095942913957	1.01360405592938	1.1797719676126885	-0.20979946416025907	1.4416620725218607	-0.2214738609612998	2.0	-0.84573451542519	-0.41210158762056526	0.20999256607017228	1.5450001232054829	0.18051052124460917	2.0	-0.36065143991360965	0.6919169547186961	-1.1320051319479392	0.1749895835032904	1.7154304788551196	1.5205242126522072	0.06507503153415638	0.09763578027338796	0.40623980427696915	0.789132095784702	-1.1951630248740834	-0.31730412916934997	-0.027041672562992215
S1902512	-1.4756888825319245	-0.49466963033286776	-0.31574460184190595	-0.28914979696302	-0.5011662247937995	-0.9438989885941604	-0.4032196959192379	-1.0573293038173357	-0.9522131917112249	-0.6151149883784457	-0.38588285196386257	-0.4188334273627931	-0.2634133187908294	-0.16124873207103024	-1.4837313171431115	-1.080109945107212	-1.0448351134518488	-1.403777562442991	-0.7893370918217305	-0.7418717817641421	-0.960944355131688	-1.1340246843888888	0.22984189222889367	-0.21036712361672075	-0.7841006329100174	0.2584726073300093	-0.20596709526337661	0.5672947673689984	-0.09931411282476854
S1930269	-1.3531135461871893	-0.12080156618470482	1.2310429633050435	0.6993012409530828	1.9879836595495481	0.684522951162239	-0.30408692003544846	1.9642892757545722	0.7330319513570466	0.23048381370891166	1.3009275957644255	1.334839148288024	1.7455857192337165	1.5463064229400607	2.0	1.8563588451275728	0.571627347003754	0.7098544355501526	1.1222380870008974	1.2749353140894302	1.8439181190098655	-0.7006446617474968	-0.10436852453893083	0.3599475335811253	0.10570338945665114	1.701525101081656	-0.28139456887209374	-2.0	1.1617878710313025
S1931703	-0.7057009247757637	-0.6455803850310351	-0.8155108045204684	-0.8664774269850823	-1.9071480392837163	-1.0779319571798687	-2.0	-1.6090418268153655	0.5880234066769364	-0.6895784711585041	-0.7868551331412472	-1.4517413314437677	-1.4453922046526468	-0.5715316780080946	-1.0644254647371354	0.25549774683981236	-1.1331098246610058	-1.6135235030512876	-0.3412316288788717	0.8659443684141291	-0.3174736468298083	-0.693339185118898	0.1783836093344354	0.039635866133792955	0.8348777624930535	-0.2623477153419362	-0.48743264595321767	0.08658624781052003	1.0705165956536375
PS_19_304_S	1.0117779348514337	1.2508013691162831	-0.2459278505527022	1.0234838033986497	0.8611788245534578	1.7800433826150612	1.8876565322408303	1.9067470120782928	0.5463507072907994	-0.27832364063640613	2.0	2.0	1.554272885488872	-0.9026254482949506	1.3825473408281999	-0.8220147987109256	0.8210166859985667	0.3108345567693359	0.28306935618893775	-0.6846998096355732	0.9474768370310447	0.2646640667661314	0.1822492440076674	1.3977717827156189	-0.691625720495355	-0.4646874327487696	-0.9192615614329459	-1.3622876371032244	-0.264995727803633
PS_19_306_S	2.0	2.0	0.8089019598971174	0.5695345597472455	2.0	0.03942634080697812	1.2839368753331102	0.7534553857210161	-0.7466727459636575	0.09517437951977951	0.8144261767569921	0.6591254125817331	0.04761935746041757	0.015189597909912696	-1.4686480748351036	-0.7073224749058871	1.0412629592427638	0.09091241712642355	1.1815842690064668	1.7523035784327368	-0.4941349784724515	-0.24872542102723283	2.0	1.1893001540206403	1.3982336915447662	1.232913269384358	1.1356192778495262	0.04015361390349165	-0.2969450552879861
PS_19_319_S	-1.1066670422383174	-0.4399277154197402	-1.1283932370268905	-0.6768070410773418	-0.9496265681814785	-0.06269773472463759	0.4170529504877769	0.9241049962712666	-1.1421333113959955	-1.520383191071775	0.9973225895991018	0.7203967509698866	1.0393235290838134	-0.832419487039372	0.49065334678075406	-1.723279424380618	-0.03874639146024603	-1.0605081674843606	-0.5483940352741246	-0.5710891854587044	0.2386139241035486	-0.22063854788500442	-0.5477367674413216	0.21107675348267382	-1.1846942451866598	-1.9234366012559003	-1.593469864543257	-0.04093945586140226	1.162168095428018
PS_19_066_S	0.5023702628648699	1.1213129499757892	1.4867343731076288	2.0	1.1885741249169088	2.0	2.0	2.0	1.074403024701859	0.6287858025140299	2.0	2.0	2.0	0.4759284011256023	2.0	1.5539873308257075	2.0	2.0	2.0	1.4024301223549143	1.844089868330226	1.808030269162647	2.0	2.0	1.7601222872878142	-0.14387023069159563	1.3592011970279991	-2.0	-0.7926247074818941
PS_19_318_S	-0.8163437369613092	-0.794421528237892	-0.9593011108547134	-0.16267409508476127	-0.7979841276370846	-0.5095955299109416	-0.7728824157532462	-1.2160569242422399	-1.2256886675957823	-0.4903330539677537	-0.952502825465521	-0.6183042618173342	-0.9517541542934133	-0.7178210057473032	0.6483450821366334	0.2126739338254363	-1.277548268338153	-0.46033754995471793	-1.5603606210602636	-1.059640708421689	-0.6221960446004197	-0.892397205255863	-2.0	-2.0	-0.6754792618501295	-0.39259936470249596	-2.0	0.15271181317180121	-0.8929178982825567
S1939507	-1.9838809122770042	-1.812908818878851	-2.0	0.03784566098606775	-2.0	-0.11971242501934483	-1.4981464616209659	-0.7329122514535514	-0.9968411276781743	0.021697644050398295	-1.4261464914295705	-0.7440541673432938	0.10693595648527081	0.16821534612541206	0.17039346936704367	-0.30587940656744084	-1.8333955015766379	-1.3032504587667295	-1.992598491811051	-1.3810059488805513	-0.6308259644695028	-2.0	-0.22679829853083847	-0.981939849170523	0.5688036878734654	-0.6118060504139884	-0.848694506971993	0.056274518284746854	-0.7345033362168308
PS_19_355_S	0.9119718797485439	-0.007358360003470132	-0.43510225791712426	-1.2274078888605955	0.6814327360387661	-1.4410797598017622	-1.4082666957837604	-1.4312961304350535	0.04771048072057281	-1.5054996203510296	-0.0035406677806608814	-0.4483495174857611	0.14177748383982625	-1.145906985402322	-1.2570544174923248	0.7979024760282583	0.5145120009126176	-0.005876818101683183	0.9956468120918457	0.8896492176650025	-0.729282433309431	0.9048251200173482	2.0	1.7607780548138927	2.0	1.2432814828158558	0.9839508794897419	0.2382615682798322	0.42734991091099517
PS_19_392_S	-0.22189972325965282	1.308655582293211	-0.9174441251787063	-1.299397307900684	-0.8207130023786101	-1.401006930128257	-0.9753195413867594	-0.6126305766568803	-1.5081014141012086	-1.1142116413651342	-0.29505917856157726	-1.306990959859855	-1.4576357106344684	-1.2747199537115619	-1.3461832318062334	-0.7362204042058134	-0.22515549379379432	-0.12687896851885483	0.711711077500077	-0.2566394312838401	-0.6734505220093224	1.404709215888953	2.0	1.922648486217712	1.5735773698071858	2.0	2.0	-0.630697571451469	1.414497412659197
S1944498	-2.0	-1.2079667139794759	-0.6615511948167834	-0.43300163089825733	0.3531151383416421	-0.3047248531040908	-1.7934765473485603	-1.1148961054872202	-0.08952653950932275	-0.5796222754685124	0.4379506059163566	0.2645149316502736	-0.08070749010442393	0.2796688633973829	0.17710846949869682	-0.25925788493677876	-0.20893612597580435	-1.4582239802603751	-0.6945994299732056	0.3144878947773056	0.6586292564952058	-1.2844394496046259	-1.246058251228146	-1.1101367556391337	-0.005891739551527509	-0.14081303287604147	-0.2612118754669951	0.6638906664827142	0.08146916743768373
PS_19_394_S	-0.32877112298713446	-0.25991178351428645	-1.1623616469234341	-0.9208788525200342	-1.571599986811143	-0.6947659662856759	-0.48681990110301526	-0.10080939997271043	-1.421205074372399	-1.2372538326968179	-0.03257849466101321	-0.6209601400100024	-0.33823395773486886	-0.8391245380800681	-0.042805994245933045	-0.2561778578709171	-1.312821847288723	-1.57423846274258	-1.9020525414180536	-2.0	-0.6519201642782845	0.02874337292859331	-0.7985828804176576	-0.8373632680637468	-1.337960382908195	-0.552819853081805	-1.8706848814789607	1.404360248929472	-2.0
PS_19_386_S	1.6061919772319952	2.0	-0.38932851976831295	-0.35436936417417336	0.6917369690802125	-0.23720288054353794	1.2142555649251756	0.29046213484639705	-1.3699684683285729	-1.024467148096696	0.5636273726094586	0.4125366607683171	-0.6695198343581775	-0.3728614746548879	0.09638767824361487	0.25739754872364673	0.06090951614091466	0.44510639217406833	0.1749796797995608	0.6715744403158918	-0.4651447702669616	1.3399977848221274	1.6300967210408766	1.5146774544923423	1.084090132063453	1.2579268240469832	1.2924456321392896	-0.7990199170035214	0.17709002737267976
S1943675	-0.112368892184875	-0.2573755004203943	1.3952749465212126	-0.004154882672241767	-0.007835462355122128	0.26332348927313803	-1.1377284573606807	-0.5237744180812179	1.521469579361011	1.4582772556777186	1.1105060555842112	-0.07880245093763404	0.1894110609819551	0.963750230954702	0.12156001672406895	1.838574795673312	-0.13336938618934416	-0.621201559131657	-0.11173995368054976	1.3054772023028052	1.4128357208150937	0.9201489301927752	1.7352166485753764	0.8082288383890852	1.6767567575508808	1.9540323758794753	1.205310450599976	0.03647607295994598	0.9489818366767239
PS_20_009_S	1.0852004638213713	-0.870942445328033	-0.9715726709249015	-0.58311259001063	-0.8930978550197147	-0.21028733188514317	0.3127067500620627	0.27970152810120813	-1.849625467758121	0.0027884900841223027	0.49966632848156406	-0.5159557511416294	-0.3291742846209784	-1.4711330104340439	0.1580327982512683	-0.8857242925796731	-0.1770036155764829	-0.4668383817376114	-1.0188848416141183	-0.7376245764813112	-0.03996601359925212	0.2642827362613178	0.2271476378880853	0.6741115863536339	-0.33524056333910895	0.332875388999171	0.04973119043174889	0.2190641811249433	1.0280344320848143
PS_20_054_S	-0.38931335794358113	0.07825706326372237	-0.6004802637354398	-1.0060527233511614	-0.2775590877441015	-1.0462393485980241	-0.163127807079646	-1.2804137124991066	-0.5355232118616203	-1.8223550663744752	-0.2626183282025981	-0.5228633534852903	-1.1988953237324749	-1.7041377108618325	-1.0121685528784705	0.08155713797609783	-1.1707342365770135	-0.40022810551073323	0.04005510389139526	-0.13511017880856233	-1.1851032762322662	-0.19554511179252881	1.717380375580358	0.8706077859244594	0.6733607524633063	1.3926074277827722	0.6237246660917322	1.1089092683260904	-0.5287495428961626
PS_20_055_S	-0.9248906000630116	-0.13610483544961885	-1.8425952535682286	-0.8245205013944596	-0.13087509129247524	-0.03535178213887422	-0.3477173532278293	0.7172356231809417	-0.9757428834670633	-1.3929398876638766	0.31385503673495374	-0.08218433962285886	-0.5653575442579194	-0.8449441224709244	0.935685109615139	-1.836248720118614	0.5558378979791342	-0.209587862307932	0.376237971742319	-0.2913202924810629	0.10076664203075614	0.8216284028902937	0.09934032271295944	1.0207089244120187	-0.7329566492580291	-1.4505181755339112	-1.1347747360825198	1.1709423770934735	1.17089253667679
PS_20_058_S	0.6578796888361194	0.3570434196221768	0.175454269398801	2.0	1.572520108923871	2.0	0.3860690314583778	2.0	2.0	0.024770544015644946	2.0	2.0	2.0	2.0	2.0	1.387487841017876	1.71369440701697	1.8513273521277833	2.0	2.0	2.0	0.8705290294127438	1.5403463234574115	2.0	0.4662888124524314	-0.7386541547611019	1.2358079360904597	-2.0	0.04936010349785537
PS_20_088_S	1.874202458728924	2.0	1.1032839450738108	0.9372571576993399	2.0	0.3293517377984188	2.0	0.17303468841177272	0.4468087993408874	-0.36825257426888425	1.6723511152957609	1.074747273680883	0.2678593073299075	-0.05251361414390919	-0.7388717530806642	0.5612121093513847	1.8861166991462879	1.3117380301028623	2.0	1.8763080284909264	-0.1822255872033084	2.0	2.0	1.9690531154452942	2.0	2.0	2.0	-1.1913571830235017	0.6481419430885415
PS_20_089_S	0.9859908877061724	0.8400876103140362	-0.5544497534581142	0.838515839702965	0.0025876999996063315	0.8812881019746367	1.8113873684272583	1.8050866030092374	0.7319140596177295	-0.6611692542824096	1.9206924868995432	2.0	0.8012941329988846	-0.4686748594203911	1.5845956522862044	-1.2538986991103982	-0.22087391690209368	0.0886996957871157	0.6669324486793273	-0.31194306703372904	0.360007621726468	1.7390829302213566	0.07811605405420767	0.7929453903254302	-1.1574335149976487	-1.242571367495023	-0.7510446924797676	0.19509581989816693	-2.0
PS_20_090_S	1.074757629221608	0.5324623652391173	-0.2882642768126959	1.2586205611213066	0.45808008351103074	1.6134730547178322	0.7319986948006922	1.8854904887355295	0.5109873542303985	-0.7914403317588814	2.0	2.0	1.548179741465776	-0.7741256321909257	2.0	0.11794469167765356	1.616567591802836	1.3806716366221676	1.8751507945957913	0.055297240302304734	0.44871723714925277	1.7910223804354461	0.6412332915734351	1.4197728872931588	0.9165557463608521	-0.4628245820354565	-0.49150930796343917	-2.0	-1.1343159052782548
PS_20_106_S	1.2541284463828046	2.0	0.08376798243935661	0.22113512975992936	2.0	-0.20072911770529595	1.1974914906726575	0.048278920622993736	-0.9301461526164694	-0.9348074407809394	1.1690932279953419	0.5643769572756212	-0.6302130940938168	-1.4138983324007885	-0.6714578285749214	0.5596679330221817	1.5327246119381426	0.7321426792035465	1.728450020036709	1.7693157775388988	-0.7575442792070102	0.9113233653919102	2.0	1.8709750660552926	2.0	2.0	1.880645633708881	-0.6309817514515806	1.5225896885806345
PS_20_116_S	0.681302932833581	0.3522749644068181	-2.0	0.5392684852260763	0.5518739492511626	1.1662727332176042	0.006719454656984678	2.0	0.31568353628913887	0.17389247337355082	1.8759895574431062	2.0	0.3529196612414473	-0.21428067308264015	2.0	0.20631044022985034	0.9425478850309558	0.9908594979259757	0.8102110172501852	0.9624374496533146	0.3543225964797151	-0.5147834453780412	0.7343196825506394	1.2104447332473964	-1.1435602085508234	-1.727419177174922	-0.28049476798315814	-2.0	-0.48911377278838225
PS_20_117_S	0.03907964595160266	-0.030178167058477458	-1.0552671383366525	-0.21389399662630226	-0.07298390086808879	0.08592232002447571	1.2577361448544266	2.0	-0.1800012509360214	-0.3940004603640273	1.9632212230779225	2.0	0.8256502714234318	0.3869343141325774	1.9013204359005642	-1.064940893794932	1.1872896581012211	0.9681324976898029	-0.6497250776849365	-0.27715547363180604	-0.05770107958497885	1.830924848452468	0.8019222492590071	1.8403840178370925	0.6487942193918403	-1.0191658848820477	-0.4017568467501263	-0.5726492167354219	0.03382923765182043
PS_20_118_S	0.5766059149952582	0.5156951003404772	-1.363180533320972	-1.042558616348701	-0.6670602359858604	-1.4255226384265685	-0.724717038911357	-0.7443697604631624	-1.5367342351445497	-1.001638788491793	-0.599163980324463	-0.6132373780942655	-1.6024483216020344	-0.21552967670159845	-1.0278023356737418	-1.0425239794142351	-1.4392150722989858	-1.6329188516675983	-1.3771983438906847	-1.2370716756570865	-1.6478842618940128	-1.1131178100947057	-1.264168589098315	-0.8319508277800511	-0.583425653282139	-1.1136500274167103	-1.780425871102683	0.08402395587756177	-1.5349394781371728
PS_20_127_S	-0.7019344617680657	-1.8503560128426848	-1.007590469047212	-1.2458050730779247	-1.6666103536016725	-0.670550253652601	-1.143680736616152	-0.7151204000981739	-1.8980292611352045	-1.012686571306829	-0.5534058864577653	-0.21329082602813787	-1.073928916175825	0.13803055298698363	-0.5826849602792781	-0.32060277007236737	-1.5821706652748662	-1.7643536622347786	-1.647945177641123	-2.0	-1.1470890835824565	-0.814795241426513	-1.635128545598575	-1.3989936681986455	-2.0	-0.94308248144802	-1.660841836839039	0.769222298342081	-2.0
PS_20_146_S	-1.0726452660937167	-1.043956105092901	-1.6541794780167518	-1.1472179247176706	-1.6765574444941047	-1.3552496303168673	-1.1345687921340086	-0.7393793860262053	-1.590939393170808	-0.7629817776344431	-1.0640850734572083	-0.8998078965900997	-1.037698983221977	-1.530815805341409	-0.7901789298092137	0.0734327713280892	-1.9318259223339416	-1.6408427898219538	-1.951326991445783	-1.8011312950062959	-1.0586687963878871	-1.8236450994036053	-1.103914485471647	-1.3323395793042463	-1.2185696299117446	-0.25228106189248933	-1.3776811458745077	1.3231508448485108	-0.7965010954671827
PS_20_135_S	0.2797872423574644	1.5012085046243495	-0.5212669523011401	-0.33424832111410213	-0.9082336852721863	-0.7895039639739	-0.1968803654234712	-0.4038890406505266	-0.6857127793573158	-1.5166653488723767	-0.48753952312018045	-0.4256846779425659	-0.2557414639888184	-0.8950975306149563	-0.47324368105344966	0.39026424835616835	-1.6491070596966002	-0.45160189834353853	-1.0160413308658187	-0.481985281023443	-1.2573486146929915	-1.4741926838957848	-0.384108936913248	-0.07937398133731871	-1.6907993710316906	-0.506509013438957	-1.0131170989640703	0.7127583995594398	-2.0
PS_20_140_S	-0.02851115618389238	-0.6953467135141915	-1.6170495956265158	-1.0000054353174377	-1.4566627611079663	-1.1432546721548935	-0.8168378406961078	-0.17060489713515925	-0.5820142009725346	-2.0	-1.3129699898305338	-0.32512241368397266	-0.48028497469524517	-2.0	-1.28499944700305	-0.9127045435027256	-1.9598957571402988	-1.670234376086899	-1.8685190375748324	-1.0611746991980389	-1.4877663998063675	-1.5057749962479923	-1.0743558901797687	-0.7695106604741069	-1.5046831815390127	-1.9938638614477129	-2.0	1.5896021400361526	-0.3321193304936412
PS_20_141_S	0.3465062922554055	0.49581144052777204	-1.533295717499945	-0.7406181151376612	-1.017553724565421	-0.042415334707786974	-0.8036846413532516	0.9543696505358943	-0.7690523126448546	-1.5639231406324854	0.3096178512954412	0.19986184219890862	0.0091049745595095	-1.442148621393735	0.9792710092074136	-0.17179959515848767	-0.573170896896526	0.17437632719879922	0.4638207401597033	-0.8102738302781596	-0.8026136092343221	0.42439783712916	-0.4923153078223391	0.40756049576677256	-0.7443861114291098	-1.6525222971883204	-1.4463278736350482	-0.4147400279280351	1.2919362724517292
PS_20_168_S	-0.1865039667928956	-1.2233969633698834	-2.0	0.004154882672241767	0.45074313978301617	0.6836850290231151	-0.05184821442413542	1.7327653388790005	-0.3914276205642617	-1.0083614401197127	1.8042874975902998	1.555714756779082	0.29309615075677464	-1.01708722020091	2.0	0.3016145647800776	-0.33846505157218804	0.6028020613583331	0.3335205146858934	-0.022815427861988077	-0.7623206507056973	0.11420278412852751	0.7923030959989104	1.0539449036982893	-0.8421054329960166	-1.2105721370057385	-0.6443735240755201	-0.028093747780427506	-0.3147147299518517
PS_20_169_S	-0.23376994941716003	-0.40976538427755743	-1.2646760044032734	-0.6998976960945015	-0.8886700994013829	-0.718817401380725	0.09028447993624418	0.13891143436397968	-1.5653559537646573	-1.5246423867258723	0.0035406677806608814	-0.03871790770763347	-0.11773366557895008	-1.0535018798435198	1.154307561503193	0.544661991703129	-0.5982832189289821	-0.19360236767609404	-1.1390861613004004	-1.225879545099278	-0.007787616782612407	-0.6086673564483678	-0.7573103745319496	-0.9077974212162541	-1.0931179620007672	-1.5847075725075226	-1.8432969919273885	-0.9302068985169154	-2.0
PS_20_170_S	-0.5757119433465967	-1.1364269511550915	-1.9582572150856172	-1.5013496815985738	-1.519307812294199	-1.1702879417132597	-1.489000179036327	-0.8782853292489851	-1.224188266474167	-1.928078306226438	-0.09389222423004069	-0.7129602153919442	-1.1132793374031287	-1.582056505063461	-0.4343758941608327	-1.312618713325372	-1.5586947884512135	-1.6811667373867527	-0.9337227378963059	-0.4423373784335931	-1.080446681389278	-0.333122732563179	-1.656305156671703	-1.1349210272733796	0.25793102599756185	-0.4123944891625669	-1.5086349204418645	1.0664577799528896	-1.875845398475357
PS_20_185_S	0.4950242070123385	0.5684879603822302	-1.1758776577207672	-0.6509564242979028	0.5088481802255311	0.5602061364498244	0.24018221171954718	1.5382888959751562	-0.930344507213693	-1.4778739363808862	0.6197556987854932	0.7470667883854941	-0.7176175720435729	0.18279229647630463	1.7780176043856117	-0.07699125793505036	0.627252428168524	1.1010115676182044	0.7008296469736938	-0.32717452502493	-0.3343643698978534	0.057064871585380164	-0.0821517628047214	1.156784232645197	-1.7981630404435063	-0.7658530617505243	-1.4720382003540164	0.0656139356041147	-1.7198755232237586
S2017223	-1.1975896626925926	-0.48253734389329295	1.1696917059932705	0.6560905641764954	2.0	0.6937062755628324	0.7158553315333944	0.4987292360303832	2.0	1.4343725158392533	2.0	0.637501284165421	1.0304769919351557	2.0	1.282717512529922	2.0	2.0	2.0	1.246369492554348	2.0	2.0	-0.08909282062976163	0.9735983048843119	1.065701096177507	1.364173534766045	0.9336076010546733	0.2999801932641985	-0.7974553228069616	2.0
PS_20_234_S	-0.21390548554825992	0.9018231317149461	-0.9608868512871435	-1.0485035533870086	-1.803029528230196	-1.7352432021135993	-1.118102458376646	-0.3088086204649402	-1.9785219859711223	-0.9230101855918853	-0.7494236910733387	-1.2883959053136171	-0.6444094552101299	-1.2807821187397777	-1.4655747369898668	-1.2954861269677267	-2.0	-1.7875098180322435	-1.5361842426676962	-1.769482939237692	-1.4696345786707206	-1.0000082127427856	-0.828643859008391	-0.38714004921635486	-1.5282666420355508	0.6039451477025511	0.2912110588231439	0.3356359902870654	-0.143486230715822
PS_20_235_S	-0.6453569132109602	-0.6473696956295015	-1.7008197580804938	-0.7128917534900685	-0.5137091207452995	0.8611811294767365	0.2409145758210575	0.006073067497413777	-0.720320412758557	-1.7659864743411338	-0.35883778198086574	0.9438515193245665	0.09049548383351042	-1.1981234929803837	0.37548245578566875	-1.4635328343818004	-0.3546073060107529	-0.6165827731402825	-0.008484519442897943	-0.9447978496934639	-0.27549453504036686	-0.4679394771669464	-1.2097695657595615	-0.6897686122271977	-1.4316800368080658	-1.4633054654320645	-1.58405841808161	-0.050096894944645684	-2.0
PS_20_248_S	1.5812368164312227	0.6569703512345471	-1.3005113355393583	-0.061990123969900036	1.031294252785497	-0.1783381397403539	1.3162835990257844	0.4280746053676275	-0.6081135939873434	-0.9137863770142908	1.067849231289325	-0.16022414900309395	0.6400355840535681	-0.7911889553744853	0.6435634667732173	-1.9782219376389765	-0.09047816717477151	0.1512146566420747	0.30872973800579623	-0.9309310495581767	0.18087361558887297	0.5415320687536235	-0.23814881657601078	0.28578547293018464	-1.1156004568998683	-1.49523622593275	-1.2207371750503178	-0.06451838951952445	-1.20195277437858
PS_20_256_S	-0.32421019064344947	-0.7021026154015262	-1.6871373270392054	-0.7406075738992344	-0.17618806344051172	0.2538466671145595	-0.8641734079905545	0.970711090417077	0.1199194505804586	-0.8324717622684981	0.6989093762902873	0.4886311681613654	-0.17945706214072277	-1.1212180661061393	1.411644938311954	0.15219068291099705	0.01947982577407749	-0.04569707358439564	0.25530790773795803	-0.3442367007464453	0.3456142929473648	0.3319493801072752	-1.0349808029389815	0.5829870724938229	-0.5399745885005055	-1.699572309493719	-1.1363456500303741	0.7086723908671151	0.11870370829843266
PS_20_264_S	-0.09873743819666222	0.873815685755019	-0.6592122470776932	-1.8370789930570985	-1.112799707631275	-0.8283532246933066	-0.7124618681102818	-0.5186889790931313	-1.5133780911433983	-1.818363837936813	1.2015162096029597	-0.484628784824466	0.02375431008507274	0.2766733645964697	-0.34728961302356787	-0.2702985238661886	-0.9684857209645927	-1.243196341257835	-0.26983131168720464	0.1836867806277373	-0.8478104403307277	0.6393970879733883	1.1737562083350161	1.1537011946929245	0.166419174914178	0.40736838941218645	0.32879291856348963	-0.35882986827796814	-0.015639974152079385
PS_20_263_S	0.8943734385856691	-0.8347344891320364	-1.7320689026438327	-0.6494522509299964	-1.5406581984391068	-0.9481599261389024	-0.5858390132526596	-0.16167087604455674	-1.0718169746048087	-0.8120427099949581	0.9995079019782775	0.03871790770763347	-0.5099727216756937	-1.0159504434709656	-0.011584946771923095	-0.7617287926655151	-1.3112207721297648	-0.39509665990348874	-0.9837129768338448	-1.2414616955020705	-0.37955243726733123	0.9195015149753788	-0.34219104590947447	0.22086585710168588	-0.5389140190875993	-0.46601633011275284	-0.7697826390942459	1.149035312232726	-0.30784353843899126
PS_20_275_S	0.3452073506117628	-0.2946630002270754	-0.6898809152565224	-0.7592966343529146	-0.46252477344660525	-0.8667151009121657	-0.9108716352978681	-0.32752369022698014	-0.6692358130303199	-1.3571183954510269	0.21632427181783853	-0.984930841887928	-0.6601870783243404	-0.9864118228449549	-0.793733515034171	-2.0	-1.2432495845104201	-1.9586871066341383	-0.6641031162269064	-0.7553558361757179	-0.6820768639061521	0.43038725113973064	-0.6288146094181779	-0.30815064641466033	-0.48808640907752154	-1.4498441291356068	-1.7383220343380164	0.8440413420227831	0.02691629209418794
PS_20_277_S	2.0	2.0	0.07333481301184584	0.5194276069120235	0.8442192516804627	-0.1134893109990572	0.8458382657502604	1.9186131011559855	0.1754416388623593	-1.111109267716096	1.63768063412737	1.229467876700058	0.7410185668364755	-0.9662172806806247	-0.04323101180667039	-0.7812045666822229	0.41725025303387875	1.820254716075534	2.0	2.0	-0.32005521533551723	2.0	2.0	2.0	1.7719921752121368	1.8079162768635848	2.0	-0.9638991266479638	1.2859344330141744
PS_20_276_S	1.0770667451779459	0.322188093952217	-0.8273318953208042	-0.40239363848660903	0.003426849440665085	-0.6963613338896483	-1.1443254625575432	-0.6441728609147315	-0.2550453968273375	-0.5001432066008502	-0.5779564515816742	-0.8539578836654171	-0.36071646916119565	-1.63187752984376	-0.0917372878222496	-1.9698845612909068	-0.5452652478636936	-1.1897942032074094	-0.8941679957185827	-1.1757919749592571	-1.459974960037744	-0.9727262515619871	-1.4576684439778822	-0.6897256749166892	-0.6019038002769493	-1.420126601957973	-1.4198343085892058	1.2835232234213532	-0.9606531804929656
PS_20_306_S	0.5901845395918777	-0.16821461605844337	-0.5201838423884734	-1.3070712981249346	-0.30950973482752747	-1.0573012577901042	-0.5642975431568307	0.43644672555103436	-1.326026674481611	-0.19783431960173276	-0.5310062304687976	-0.5129636449845235	-0.8106306515666271	-0.5923815093305157	-2.0	-1.9892555278899147	-1.3929892138669917	-0.8524430809631943	0.3600004827477991	0.24039692276844737	-0.8852332216409446	-0.7173171470349706	0.7600907005757735	0.25228699974156643	-0.017782135553035924	0.516813479682934	0.4199717501000483	0.49032372697267146	0.31261621636772985
PS_20_314_S	-0.32843685612200346	-1.9992132550434716	-0.9925108436624243	-0.3272478054504966	-0.13119727301567488	0.40035382521232826	0.14781371173916227	1.3271642100115524	-0.5609252034478932	-1.2833823702556346	1.6787657785713723	0.8805147221042329	0.4848854051827162	-0.8645820371261861	1.517744977739691	0.36201737677311796	-1.1692413773406525	-0.8950207271692758	-0.8083162530530642	-1.293601308298155	0.7076987448385018	-0.9506084450290109	-0.2762464694057132	0.5430414352980214	-1.1679397328443408	-1.0993532064052784	-1.3333580975752133	0.23067312046407903	-0.6476461618903866
PS_20_326_S	0.9167571844245167	2.0	0.08436037990439753	0.35509708633580434	0.06718633885055421	0.22784438924694425	1.6978033093247542	2.0	-1.2782286523523438	-0.08397411845134588	0.9325226500010182	0.711463423814372	0.029641900757569627	-1.0354328213027462	0.34907972813356497	-0.24945416945283722	-0.15609646312989267	-0.08246305927019311	0.1057201293214284	-0.1306373864741417	-0.295078562933542	0.009646710396002707	-0.040834421816126065	0.5432816740750783	-0.6658676724700465	-0.9250883163948321	-1.383382066047483	0.2239821634750433	-0.425635178608457
PS_20_335_S	-0.46413647857264667	-0.736565967110549	-0.7536258876791911	0.3850982792300807	-0.07839975485983397	0.9018452104660446	0.9957867857699437	1.4037563430776991	-0.04452957332522901	-0.3277363144781517	2.0	1.267244248837596	1.6299511340140656	-0.6255615497039175	1.9075258297493216	-0.254956846621669	0.5338372426309672	0.2733916624825906	0.6193696775597786	0.33691049358708314	1.3298678177015115	0.49540768675538516	0.7308981866296469	1.7882329122181202	-1.9354327587615408	-1.112331112069345	-0.7854600302830556	0.08873808435604101	-0.4469169810107383
PS_20_336_S	-0.06390724864257165	-0.27885667521941665	-1.58968809568216	-0.8478884594818149	-0.5172701140818309	1.1946479780068961	-0.20984164120588342	1.8988863757121694	-0.952207403596957	-1.0313815326798363	0.7621204684492007	1.2861874626746674	0.9247555835038016	0.761228960496188	1.6317308443451406	-0.7651507092704224	2.0	0.3508797134119668	0.6785727599754171	-0.01833886514047038	0.9468176185739076	1.9570866657361652	0.18435160921543378	1.3877497470881683	-0.6454900134854553	-1.5992652350453578	-1.3308400343879674	0.6786864786101999	0.2976190619671459
PS_20_337_S	-0.27175276174869767	-0.7799739395004607	-1.2566434010573522	0.6273512739265024	-0.005806965846870414	1.065222601127881	0.31792994280213366	1.825011822510586	0.2048084595801081	-1.2120798242518631	2.0	2.0	1.456392910410224	-0.8233778290070334	1.7988933039771926	1.638512200492276	1.650930442505514	0.9947604369330761	1.2108987317731277	-0.6722000207038829	0.44724290791528937	0.38581287129828606	0.5190252688292142	1.4894732636134496	-0.21311500369310302	-1.122913553092698	-0.8747226717182823	-0.5751832257853646	0.5495692065755806
PS_20_390_S	2.0	2.0	1.0367990672631995	2.0	2.0	1.9027481958991443	2.0	1.4369418181426823	-0.604139197198055	1.4712359306884972	1.5684922145992741	1.5023961042690885	0.2661568944968347	-0.6491616606789976	-0.001240549650310258	-0.09691147007898362	1.5140599455131836	1.2373516545830723	1.8318152880976282	1.334626525007954	-0.6225344149814603	0.023048410910448413	0.8282055074658665	0.5886317604764209	-0.6136314881064174	1.2146629325518248	0.6102393921681999	1.6852135118740375	-0.6912188125780524
PS_20_360_S	1.2463317053199934	-0.3989016762471989	-0.2173512671387682	-0.931875927220524	-1.4502343176232693	-0.8261573183519886	-0.7715717007498145	0.20075604243470185	-1.1522103083240876	-1.0376874058602588	-0.1802139753077113	-0.20316021260219813	-0.7437859528011176	-1.699957290579835	0.3908988086839441	-1.7072387944495333	-0.8543493376401978	-0.6500582743082509	-0.6515543297707518	-1.1091579290760945	-0.7198187886808995	0.49595994403071386	-0.5291497539900348	-0.7015465788714408	0.17673304568146814	-0.8510049571549335	-0.8793276581313498	-0.0038449513227643856	-0.7438805802601263
PS_20_361_S	0.5619543956609965	1.7314004411668271	0.4609355358785386	0.4695239226310582	1.0487710653526792	-0.5525108754000656	0.6561489012669407	-0.08729115419125012	-0.2882065915007777	0.08416878451473792	-0.11966752103354791	0.3350065600295626	-0.2693687917148458	-0.6681043306789644	-1.1389373954185427	0.3915217619056017	0.00033644225468365383	-0.1914581107821067	0.23335097675073818	1.0836692183650876	-0.6341284418304823	1.21596652975891	1.8674682106731837	1.3139735674781274	1.735678725414464	1.9387630893511614	2.0	-0.09419099809684171	1.8466139580177636
PS_20_392_S	-1.1376577668005659	-1.448859129727811	-0.513254546604179	-0.6871605073478773	-1.5282159981484638	-0.9784995844518657	-0.6517631244495181	-0.9670438045533276	-0.8683255090294916	-1.1237247134194617	-0.99812472962625	-0.8043827568679518	-1.1674446764559463	-1.4836508773440766	-0.4555580115734848	-0.2576895668347969	-2.0	-1.1861179359785183	-1.1145752572210497	-1.0057445192620247	-1.0638679871851842	-1.0264932255431434	-1.2012566402329097	-1.5817770742831925	-0.34280404224628513	-0.5472216657957634	-1.3520780915385893	0.22943659258909013	-2.0
PS_20_393_S	0.30492639668671667	-0.7438189028247915	-1.3676331198926865	-0.059524087025337805	0.46110119553653706	-0.4558038257167297	-0.3104786147133999	-0.7521707676606983	-1.0848125557204293	-0.8146851086419878	-0.28221336033942734	0.10097124680705258	-0.2929374010153203	-1.1416254521353761	-0.46452261530866495	-0.39052704012438366	-0.5460906612977448	-1.5468184040495803	-1.2971829260523022	-1.4131086015614929	-0.7448431640998744	-0.3266169423247429	-1.5012260446593484	-0.99213362232475	-1.3788966287213573	-1.2698820460048084	-1.8125666573700825	0.9402095168267709	-0.7717515313616693
PS_20_411_S	-0.5851212974843352	1.289155381498171	-0.18899013733605313	-0.49643053088728484	-0.5616773331732966	-0.12764524375701256	0.982223633164553	1.5179176479988024	-1.6352924110705909	-0.6359708573712571	0.022495783563070228	-0.35738903848327314	-0.9978245007368026	-0.12376213115622232	-1.1498288149390363	-1.2359336245046468	-0.612635733040546	-0.6542446763206262	-0.7454294752839277	-1.1066348138450006	-0.3040693584135895	-1.4805380013553548	-0.18237830549379866	-0.6315195923496142	0.33230691197193457	0.0013091306962143123	-0.865483578206058	-0.6678746403391325	-0.4913312278892473
PS_20_413_S	-0.9839762489593932	0.5520917756749215	-0.6280755262155012	-2.0	-1.0914149334524692	-1.268583280865578	-0.945285230456233	-0.6162671287951877	-0.4328144874737074	-0.376720572105219	0.023157158230810618	-1.6099750412604505	-1.6583976779361438	-1.670530959910394	-1.2165505360727624	-0.9915146079823223	-1.5345433094600782	-0.6516921096155691	-0.6204702216304292	-0.7369789820739278	-1.2601334397432575	-0.20064423277031032	1.6886636142622553	0.9356595146195662	0.7719281795106954	1.2751102821904732	1.1318140609686675	0.44643322546468067	0.8324087935474372
PS_20_443_S	0.26337848452137597	0.13097020150743077	0.0941974941765725	-0.6637074840287531	0.09265509712383452	-0.5421248880981465	0.5545877040922363	0.04209478807020606	-0.09792693177503303	0.4855641992408861	-0.5849954819645753	-0.5615451102773972	-1.2445306291412424	-0.15133528629130846	-0.5643407895459202	-0.6062567099808488	-1.2451987329412761	-0.8007180100132124	-0.6542882250200808	0.34456235003639035	-0.1843600361193107	0.2884459420150396	0.6113439579263794	1.0937730519991664	0.6359561045281277	0.9102709593201727	-0.2507869932286362	1.0920724765174807	-0.7441652844198452
PS_20_462_S	-1.92290781185211	-1.2148608386455793	-0.27778418918472286	-0.8633195036619187	-0.965615621184459	-0.06682183063766264	-1.0535900210339475	-0.9890619138573113	-0.7745523375800206	-1.0672636505609998	-1.7305196344077913	-0.7714251517425412	-0.6380692180503142	-0.042603933435868706	-0.16618263387103308	0.36111896703174945	-1.387474896438359	-0.5577987702736803	-1.3182969169262406	-0.7223921146929722	-0.7494333161519297	-0.5344332994937052	-0.8751982291378033	-1.201024488559405	-1.6454524568691329	-0.050971005973590576	-1.1018048743458397	-0.3345219533380862	-1.3883245418013412
PS_20_463_S	1.3260545095000869	1.0994258503629477	0.32792511091922005	-1.7086690325821299	-0.6612790529305537	-1.7318663560132257	-1.8201176441860165	-1.5321935560275475	-0.5570069355052593	-0.4036267810441836	-0.20257120229190426	-0.9985005049346902	-0.9078415531259684	-0.5330044732647818	-1.5196106818831876	-0.28238895854597795	0.16788473151018152	0.005876818101683183	0.703605912889344	1.3783971942452589	-0.9943655386139604	0.15727764015017345	2.0	1.8667872553846814	2.0	2.0	1.7387112935210436	0.309697122062156	0.09183109205824574
PS_21_004_S	0.36987956464676375	1.0918539588845178	0.5186655533644899	-0.44213712516631337	-0.030546701621017445	-0.6050976648184315	-0.4535941665990727	-0.7130726548656863	-0.3140605482508794	-0.696119825336538	-0.6434091708616754	-0.5192975725292934	-0.09805736341386437	-0.5852422511760225	-1.6337784980947316	-0.7992492557472274	-0.00033644225468365383	-0.2000677332787922	0.2065452890244889	0.9828843476814771	-0.31325855810773845	2.0	2.0	1.2690808807728973	1.6867577937362048	2.0	1.4996074773077626	0.5702623075770609	1.0895554688513567
PS_21_005_S	-0.7173644974593034	1.0667485364142069	0.033607704290207686	0.44045948416497016	0.6272519139042046	-0.23777207154429647	0.6986790559151049	0.6020956502743722	-0.6759337369194239	-0.19230176239592334	-0.6562641172533907	-0.14133506851834599	-0.4131474633011073	-0.6407113963961188	0.4795588859979665	0.6415318965023125	-0.7236793355144306	0.13897475490059863	-0.3868140589014048	-0.0036871211855823167	-0.1936423556523304	0.03592515346719411	0.44825150847127254	0.3056004216695807	-0.23230936310818587	-0.2705332792802918	-0.9552996343723107	1.6904017036274046	-0.8663868526481744
PS_21_033_S	0.6812094249537901	1.3220107572624267	0.5255555936072669	0.6698917739621124	2.0	0.22690203658097288	1.0011445337952827	-0.4174054426534194	-0.18261584277009854	1.4977367186110047	0.2995534414550278	0.35976374597142247	-0.28245888259055296	0.09645978921576616	-1.2667981056974391	-0.4018632526639447	0.8173729980452142	0.0623149963124415	1.5608727147306787	1.6283532073707978	-0.210291890749431	0.7611100497087807	1.8746532797467728	0.8954165168769667	1.8640233593402469	1.592539711703173	0.5990861823374122	1.323411684785292	1.3833245984249272
PS_21_032_S	0.32283099968180556	1.5215856237838032	0.8941289890470933	2.0	1.2438140761399208	2.0	2.0	0.7115727013451236	-0.3085308671808245	1.125097965559097	-0.7575075154347899	-0.2854523165316557	0.11279814527226271	1.3367353525340657	1.1234690710655273	0.9723544178596232	0.7609824941710145	1.0532267836371705	0.19075501268435313	0.08632359930385182	0.5132024293768366	0.6931256461248552	-0.864447432096818	-1.1970328274179278	-0.2353614631678497	-0.015504562594965287	-1.2461123081862406	0.24138713118552765	-0.07206991697096547
PS_21_044_S	2.0	2.0	1.0124711667301949	2.0	2.0	2.0	2.0	0.15121600730104293	-0.5361948800630033	0.9174104752238659	1.342834616737921	2.0	0.6841450996878079	-0.3878713541004037	-0.3740550177171311	0.1384003438625087	0.9508139475952581	-0.5751915037737471	0.5576286908123826	0.37584421267867574	0.1962553158561076	-0.13837391381271905	-0.3374175211369328	-0.17335237369645365	-0.4386532514496608	-0.9498974123417615	-1.2148411851849563	-0.365696753647625	-1.060641639343821
PS_21_050_S	0.054562884884268976	0.312875996257011	0.18627865408568905	0.4685009883865702	0.9643709534785505	0.08648658034238385	0.26300537512422173	-0.12952477256452768	0.18703285456967103	-0.02911338932332216	-0.3872048386336124	-0.12084065382568614	-0.6355383106443581	-0.6712643058913745	-0.5222112321801694	-0.3283443318752437	-0.3936757994251248	-1.167378525237239	-1.3527778276926925	-0.4375310557605992	-0.5461110086739055	-0.4741920059093389	-1.578055834378674	-2.0	0.28165609472106057	-0.8785304206133514	-1.936657710455478	1.533087605006669	-1.427490453241491
PS_21_051_S	-0.04248074786356903	0.03198018565193124	-0.9304622754445361	-0.5408269317259102	-0.42143754684363505	-0.34210269587054093	-0.8780095877263726	-0.8697564187625413	-1.1286110419624928	-1.1002761369487513	-1.0366243991762598	-0.9548960208143422	-0.6165114088478053	-0.8671807616091802	-0.2576402791998262	0.6185929662240985	-1.0513769336679828	-0.6459932318737165	-0.8590772055647801	-0.36858876006835783	-0.6274869350725899	0.3136795615348306	-0.14409819983491662	-0.2517035213331736	0.1358575688739249	0.926150517758175	-0.09440714584176339	0.46225686411797756	-1.2002756102658907
PS_20_430_S	0.1445939509076768	-0.8843193768658373	-0.302283159626517	-0.6921134104321817	-1.627241015712114	-0.6779916902222177	-1.1085359436407813	-0.7079269156823386	-1.3823243156885454	0.057673695105567524	-1.5269916899056704	-0.961296794452656	-0.9704274526640784	-0.6442468517175739	-0.08698401270143964	0.07154569324271023	-1.4580725439955682	-1.238384686077705	-1.1473434622306524	-1.2623309128237334	-0.48597955732650244	-1.006362528726801	-0.15051976262271544	-0.03740580085849905	-1.17607295777663	0.9606781216183666	0.7371282445549142	1.1779563676974365	-1.632324379417742
